Code,year,month,Price
142137,2018,5,1045.2294117647057
142137,2018,6,1045.6
142137,2018,7,1045.6
142137,2018,8,1045.6
142137,2018,9,1045.6
142137,2018,10,1045.6
142137,2018,11,1045.6
142137,2018,12,1045.6
142137,2019,1,1045.6
142137,2019,2,1045.6
142137,2019,3,1045.6
142137,2019,4,1045.6
142137,2019,5,1045.6
160626,2018,3,1065.12
165765,2018,3,1058.0859999999998
165765,2018,4,1066.5085714285713
166201,2018,3,1054.79
166201,2018,4,1060.8926315789474
166201,2018,5,1063.6
166805,2018,3,1034.15
166805,2018,4,1034.15
166805,2018,5,1034.15
166805,2018,6,1034.15
166805,2018,7,1034.15
166805,2018,8,1034.15
166805,2018,9,1034.15
166805,2018,10,1034.15
166805,2018,11,1034.15
166805,2018,12,1034.15
166805,2019,1,1034.15
166805,2019,2,1034.15
166805,2019,3,1034.15
166805,2019,4,1034.15
166805,2019,5,1034.15
166805,2019,6,1034.15
166805,2019,7,1034.15
166805,2019,8,1034.15
166805,2019,9,1034.15
166805,2019,10,1034.15
166805,2019,11,1034.15
166805,2019,12,1034.15
166805,2020,1,1034.15
166805,2020,2,1034.15
166805,2020,3,1034.15
166805,2020,4,1034.15
166805,2020,5,1034.15
178891,2018,4,1025.06
178891,2018,5,1030.941
178891,2018,6,1035.39
178891,2018,7,1035.39
178891,2018,8,1035.39
178891,2018,9,1035.39
178891,2018,10,1035.39
178891,2018,11,1035.39
178891,2018,12,1035.39
178891,2019,1,1035.39
180426,2018,3,1042.42
180426,2018,4,1016.9847368421052
180426,2018,5,990.367
180426,2018,6,994.1999999999999
180426,2018,7,994.2
180426,2018,8,994.2
180426,2018,9,994.2
180426,2018,10,994.2
180426,2018,11,994.2
180426,2018,12,994.2000000000002
180426,2019,1,994.2
180426,2019,2,994.2
180426,2019,3,994.2
180426,2019,4,994.2
185151,2018,3,290.4865
185151,2018,4,294.1168421052632
185151,2018,5,297.1985
185151,2018,6,298.5
185151,2018,7,298.5
185151,2018,8,298.5
185151,2018,9,298.5
185151,2018,10,298.5
185151,2018,11,298.5
185151,2018,12,298.5
185151,2019,1,298.5
185151,2019,2,298.5
185151,2019,3,298.5
185151,2019,4,298.5
185151,2019,5,298.5
185151,2019,6,298.5
185151,2019,7,298.5
185557,2018,3,287.663
185557,2018,4,290.7357894736842
185557,2018,5,294.45349999999996
185557,2018,6,295.81
185557,2018,7,295.81
185557,2018,8,295.81
185557,2018,9,295.81
185557,2018,10,295.81
185557,2018,11,295.81
185557,2018,12,295.81
185557,2019,1,295.81
185557,2019,2,295.81
185557,2019,3,295.81
185557,2019,4,295.81
185557,2019,5,295.81
185557,2019,6,295.81
185557,2019,7,295.81
185755,2018,5,1019.9799999999999
185755,2018,6,1019.9799999999999
185755,2018,7,1019.98
185755,2018,8,1019.98
185755,2018,9,1019.9799999999999
185755,2018,10,1019.98
185755,2018,11,1019.98
185755,2018,12,1019.98
185755,2019,1,1019.9799999999999
185755,2019,2,1019.9799999999999
185755,2019,3,1019.9799999999999
185755,2019,4,1019.9799999999999
185755,2019,5,1019.9800000000001
185755,2019,6,1019.98
185755,2019,7,1019.98
186159,2018,3,596.81
186159,2018,4,596.81
186159,2018,5,596.81
186159,2018,6,596.81
186159,2018,7,596.81
186159,2018,8,596.81
186159,2018,9,596.81
186159,2018,10,596.81
186159,2018,11,596.81
186159,2018,12,596.81
186159,2019,1,596.81
186159,2019,2,596.81
186159,2019,3,596.81
186159,2019,4,596.81
186159,2019,5,596.81
186159,2019,6,596.81
186159,2019,7,596.81
186159,2019,8,596.81
186928,2018,3,394.15
186928,2018,4,342.03999999999996
186928,2018,5,284.14
186928,2018,6,284.14
186928,2018,7,284.14
186928,2018,8,284.14
186928,2018,9,284.14
186928,2018,10,284.14
186928,2018,11,284.14
186928,2018,12,284.14
186928,2019,1,284.14
186928,2019,2,284.14
186928,2019,3,284.14
186928,2019,4,284.14
186928,2019,5,284.14
186928,2019,6,284.14
186928,2019,7,284.14
186928,2019,8,284.14
186928,2019,9,284.14
188551,2018,3,379.9
188551,2018,4,379.9
188551,2018,5,379.9
188551,2018,6,379.9
188551,2018,7,379.9
188551,2018,8,379.9
188551,2018,9,379.9
188551,2018,10,379.9
188551,2018,11,379.9
188551,2018,12,379.9
188551,2019,1,379.9
188551,2019,2,379.9
188551,2019,3,379.9
188551,2019,4,379.9
188551,2019,5,379.9
188551,2019,6,379.9
188551,2019,7,379.9
188551,2019,8,379.9
188551,2019,9,379.9
188551,2019,10,379.9
188551,2019,11,379.9
188551,2019,12,379.9
192660,2018,3,1054.8600000000001
192660,2018,4,1064.6542105263159
192660,2018,5,1077.5729999999999
192660,2018,6,1082.09
192660,2018,7,1082.09
192660,2018,8,1082.09
192660,2018,9,1082.09
192660,2018,10,1082.09
192660,2018,11,1082.09
192660,2018,12,1082.09
192660,2019,1,1082.09
193783,2018,3,27431.45888888889
193908,2018,3,1070.919
193908,2018,4,1091.8475
194138,2018,3,1077.026
194138,2018,4,1085.7810526315789
194138,2018,5,1064.4585000000002
194138,2018,6,1028.42
194138,2018,7,1028.42
194138,2018,8,1028.42
194138,2018,9,1028.42
194138,2018,10,1028.42
194138,2018,11,1028.42
194138,2018,12,1028.42
194138,2019,1,1028.42
194138,2019,2,1028.42
194138,2019,3,1028.42
194138,2019,4,1028.42
194138,2019,5,1028.42
194161,2018,3,1094.89
194161,2018,4,1094.89
194161,2018,5,1094.89
194351,2018,3,1045.115
194351,2018,4,1057.635789473684
194351,2018,5,1072.9865
194351,2018,6,1078.23
194377,2019,6,1057.9398
194377,2019,7,1057.9398
194377,2019,8,1057.9398
194377,2019,9,1057.9398
194377,2019,10,1057.9398
194377,2019,11,1057.9398
194377,2019,12,1057.9398
194377,2020,1,1057.9398
194377,2020,2,1057.9398
194377,2020,3,1057.9398
194377,2020,4,1057.9398
194377,2020,5,1057.9398
194377,2020,6,1057.9398
194377,2020,7,1057.9398
194377,2020,8,1057.9398
194377,2020,9,1057.9398
194377,2020,10,1057.9398
194377,2020,11,1057.9398
194377,2020,12,1057.9398
194377,2021,1,1057.9398
194377,2021,2,1057.9398
194377,2021,3,1063.523609090909
194377,2021,4,1069.3463636363635
194377,2021,5,1069.55
194377,2021,6,1069.55
194476,2018,3,27186.612
194476,2018,4,27003.53
194476,2018,5,27177.5565
194476,2018,6,27193.94
194591,2018,3,1026.5445
194591,2018,4,1039.5842105263157
194591,2018,5,1053.828085
194591,2018,6,1058.39
194591,2018,7,1058.39
194658,2018,3,1035.6
194658,2018,4,1045.007894736842
194658,2018,5,1055.1484999999998
194658,2018,6,1055.57
194658,2018,7,1055.57
194658,2018,8,1055.57
194658,2018,9,1055.57
194658,2018,10,1055.57
194658,2018,11,1055.57
194658,2018,12,1055.57
194658,2019,1,1055.57
194658,2019,2,1055.57
194658,2019,3,1055.57
194658,2019,4,1055.57
194658,2019,5,1055.57
194658,2019,6,1055.57
194658,2019,7,1055.57
194666,2018,3,26924.765
194666,2018,4,26939.44631578947
194666,2018,5,26933.29
194666,2018,6,26933.29
194666,2018,7,26933.29
195028,2018,3,1093.37
195028,2018,4,1093.37
195028,2018,5,1093.37
195028,2018,6,1093.37
195028,2018,7,1093.37
195028,2018,8,1093.37
195028,2018,9,1093.37
195028,2018,10,1093.37
195028,2018,11,1093.37
195028,2018,12,1093.37
195028,2019,1,1093.37
195028,2019,2,1093.37
195028,2019,3,1093.37
195028,2019,4,1093.37
195028,2019,5,1077.7733333333333
195028,2019,6,1047.2944444444445
195028,2019,7,1063.8869565217392
195028,2019,8,1070.6
195036,2018,3,27149.589999999997
195036,2018,4,26646.9
195036,2018,5,26683.428000000004
195036,2018,6,26692.56
195036,2018,7,26692.56
195036,2018,8,26692.560000000005
195176,2019,10,1035.26
195176,2019,11,1035.26
195176,2019,12,1035.26
195176,2020,1,1035.26
195176,2020,2,1035.26
195176,2020,3,1035.26
195176,2020,4,1035.26
195176,2020,5,1035.26
195176,2020,6,1035.26
195176,2020,7,1035.26
195176,2020,8,1035.26
195176,2020,9,1035.26
195176,2020,10,1035.26
195176,2020,11,1035.26
195176,2020,12,1035.26
195176,2021,1,1035.26
195176,2021,2,1035.26
195176,2021,3,1036.953181818182
195176,2021,4,1045.71
195176,2021,5,1045.71
195176,2021,6,1045.71
195176,2021,7,1045.71
195176,2021,8,1045.71
195390,2018,3,1006.152
195390,2018,4,1012.142105263158
195390,2018,5,1026.46
195390,2018,6,1031.35
195390,2018,7,1031.35
195390,2018,8,1031.35
195408,2018,3,27406.002500000002
195408,2018,4,26688.666842105264
195408,2018,5,26634.04
195408,2018,6,26634.04
195408,2018,7,26634.04
195408,2018,8,26634.04
195408,2018,9,26634.04
195580,2018,3,1030.783
195580,2018,4,1005.0363157894736
195580,2018,5,1013.433
195580,2018,6,1017.28
195580,2018,7,1017.28
195580,2018,8,1017.28
195580,2018,9,1017.28
195580,2018,10,1017.28
195580,2018,11,1017.28
195580,2018,12,1017.2800000000001
195580,2019,1,1017.28
195580,2019,2,1017.28
195580,2019,3,1017.28
195580,2019,4,1017.28
195580,2019,5,1017.2800000000001
195580,2019,6,1017.2800000000001
195580,2019,7,1017.28
195580,2019,8,1017.2800000000001
195580,2019,9,1017.2800000000001
196083,2018,4,26914.0
196083,2018,5,26914.0
196109,2018,3,27107.01
196109,2018,4,27107.01
196109,2018,5,27107.01
196109,2018,6,27107.01
196109,2018,7,27107.01
196562,2018,3,1026.3155000000002
196562,2018,4,1032.9073684210528
196562,2018,5,1045.7495000000001
196562,2018,6,1050.45
196562,2018,7,1050.45
196562,2018,8,1050.45
196562,2018,9,1050.45
196562,2018,10,1050.45
196562,2018,11,1050.45
196562,2018,12,1050.45
196620,2018,3,1012.61
196620,2018,4,1017.081052631579
196620,2018,5,1036.6135
196620,2018,6,1044.5
196620,2018,7,1044.5
196620,2018,8,1044.5
196620,2018,9,1044.5
196620,2018,10,1044.5
196620,2018,11,1044.5
196620,2018,12,1044.5
196620,2019,1,1044.5
196620,2019,2,1044.5
196620,2019,3,1044.5
196620,2019,4,1044.5
196620,2019,5,1044.0257142857142
196620,2019,6,1048.471111111111
196620,2019,7,1061.6891304347826
196620,2019,8,1063.33
196620,2019,9,1063.33
196620,2019,10,1063.33
196620,2019,11,1063.33
196620,2019,12,1063.33
196620,2020,1,1063.33
197040,2018,3,1021.512
197040,2018,4,1004.5526315789474
197040,2018,5,1014.5720000000001
197040,2018,6,1015.58
197040,2018,7,1015.58
197040,2018,8,1015.58
197040,2018,9,1015.5800000000002
197040,2018,10,1015.58
197040,2018,11,1015.58
197040,2018,12,1015.5800000000002
197040,2019,1,1015.5800000000002
197040,2019,2,1015.5800000000002
197040,2019,3,1015.5800000000002
197040,2019,4,1015.5800000000002
197040,2019,5,1015.4542857142858
197040,2019,6,1019.6277777777777
197040,2019,7,1035.4765217391305
197040,2019,8,1054.3114285714287
197040,2019,9,1010.8190476190476
197040,2019,10,1009.4636363636364
197040,2019,11,1026.6838095238095
197040,2019,12,1040.7557894736842
197040,2020,1,1058.1584210526314
197040,2020,2,1070.15
197040,2020,3,1073.69
197081,2018,3,1022.2065
197081,2018,4,1002.6826315789474
197081,2018,5,1015.8174999999999
197081,2018,6,1017.2599999999999
197081,2018,7,1017.2600000000001
197081,2018,8,1017.2600000000001
197081,2018,9,1017.26
197081,2018,10,1017.2600000000001
197081,2018,11,1017.2600000000001
197081,2018,12,1017.26
197081,2019,1,1017.26
197081,2019,2,1017.26
197081,2019,3,1017.26
197396,2018,3,27241.557
197396,2018,4,27046.39
197396,2018,5,26867.497499999998
197396,2018,6,26625.07
197396,2018,7,26625.070000000003
197396,2018,8,26625.070000000003
197396,2018,9,26625.07
197396,2018,10,26625.070000000003
197396,2018,11,26625.070000000003
197396,2018,12,26625.07
197396,2019,1,26625.07
197396,2019,2,26625.07
197396,2019,3,26625.07
197396,2019,4,26625.07
197396,2019,5,26625.07
197396,2019,6,26625.07
197396,2019,7,26625.07
197396,2019,8,26355.037142857145
197396,2019,9,25791.745238095238
197396,2019,10,25303.75181818182
197396,2019,11,25320.87857142857
197396,2019,12,24406.765263157893
197396,2020,1,24418.05105263158
197396,2020,2,25301.739
197396,2020,3,25652.54761904762
197396,2020,4,25827.25
197396,2020,5,25827.25
197420,2018,3,969.5955
197420,2018,4,981.5815789473684
197420,2018,5,993.7366666666666
198469,2018,3,27008.02
198469,2018,4,26786.42842105263
198469,2018,5,26776.72
198469,2018,6,26910.0
198469,2018,7,26910.0
198469,2018,8,26910.0
198469,2018,9,26910.0
198469,2018,10,26910.0
198469,2018,11,26910.0
198469,2018,12,26910.0
198469,2019,1,26910.0
198469,2019,2,26910.0
198469,2019,3,26910.0
198469,2019,4,26910.0
198469,2019,5,26910.0
198469,2019,6,26910.0
198469,2019,7,26910.0
198873,2020,5,1046.94
198873,2020,6,1046.94
198873,2020,7,1046.94
198873,2020,8,1046.94
199210,2019,7,985.31
199210,2019,8,985.31
199210,2019,9,985.31
199210,2019,10,985.31
199210,2019,11,985.31
199210,2019,12,985.31
199210,2020,1,985.31
199210,2020,2,985.3099999999998
199210,2020,3,985.31
199210,2020,4,985.31
199210,2020,5,985.31
199210,2020,6,985.3099999999998
199210,2020,7,985.3099999999998
199210,2020,8,985.3099999999998
199210,2020,9,985.31
199210,2020,10,985.31
199210,2020,11,985.31
199210,2020,12,985.31
199210,2021,1,985.31
199210,2021,2,985.3099999999998
199210,2021,3,985.31
199210,2021,4,985.31
199210,2021,5,985.31
199210,2021,6,985.3099999999998
199210,2021,7,985.31
199210,2021,8,1009.85
199210,2021,9,1108.01
199210,2021,10,1108.01
199210,2021,11,1108.01
199210,2021,12,1108.01
199210,2022,1,1108.01
199210,2022,2,1108.01
199210,2022,3,1108.01
199210,2022,4,1108.01
199210,2022,5,1108.01
199210,2022,6,1108.01
199210,2022,7,1108.01
199210,2022,8,1108.01
199491,2018,3,26856.997499999998
199491,2018,4,26658.155789473687
199491,2018,5,26883.48
199491,2018,6,26945.14
199491,2018,7,26945.14
199491,2018,8,26945.14
199491,2018,9,26945.140000000003
199491,2018,10,26945.14
199491,2018,11,26945.14
199491,2018,12,26945.14
199491,2019,1,26945.140000000003
199491,2019,2,26945.140000000003
199491,2019,3,26945.140000000003
199491,2019,4,26945.140000000003
199491,2019,5,26945.139999999996
199491,2019,6,26945.14
199491,2019,7,26945.14
199491,2019,8,26945.139999999996
199491,2019,9,26945.139999999996
199491,2019,10,26945.14
199491,2019,11,26945.139999999996
199491,2019,12,26945.14
199491,2020,1,26945.14
199491,2020,2,26945.14
200166,2018,4,956.8966666666666
200166,2018,5,966.5020000000001
200166,2018,6,970.7299999999999
200166,2018,7,970.73
200174,2018,3,1026.17
200174,2018,4,1026.17
200174,2018,5,1030.8745000000001
200174,2018,6,1048.0
200174,2018,7,1048.0
200174,2018,8,1048.0
200174,2018,9,1048.0
200174,2018,10,1048.0
200174,2018,11,1048.0
200174,2018,12,1048.0
200174,2019,1,1048.0
200174,2019,2,1048.0
200174,2019,3,1048.0
200174,2019,4,1048.0
200174,2019,5,1048.0
200174,2019,6,1048.0
200174,2019,7,1048.0
200174,2019,8,1025.4342857142856
200174,2019,9,1010.49
200174,2019,10,1013.27
200174,2019,11,1013.2699999999999
200174,2019,12,1013.2700000000001
200174,2020,1,1013.2700000000001
200174,2020,2,1013.2700000000001
200174,2020,3,1013.2699999999999
200174,2020,4,1013.2699999999999
200174,2020,5,1013.2700000000001
200174,2020,6,1070.7485000000001
200174,2020,7,1089.99
200174,2020,8,1089.99
200174,2020,9,1089.99
200174,2020,10,1089.99
200174,2020,11,1089.99
200174,2020,12,1089.99
200174,2021,1,1089.99
200513,2018,3,935.6004999999999
200513,2018,4,943.8294736842105
200513,2018,5,957.6674999999999
200513,2018,6,961.92
200513,2018,7,961.92
200513,2018,8,961.92
200604,2018,4,908.2999999999998
200604,2018,5,915.4200000000001
200604,2018,6,918.6999999999999
200604,2018,7,918.7
200604,2018,8,918.7
200604,2018,9,918.7
200604,2018,10,918.7
200604,2018,11,918.7
200653,2018,3,961.71
200653,2018,4,970.2542105263159
200653,2018,5,976.79
200653,2018,6,976.79
200745,2018,5,980.0966666666668
200745,2018,6,981.2599999999999
200745,2018,7,981.2599999999999
200778,2018,4,931.0
200778,2018,5,936.383
200778,2018,6,939.68
200778,2018,7,939.68
200778,2018,8,939.68
200778,2018,9,939.68
200778,2018,10,939.68
201255,2022,1,1037.81
201255,2022,2,1037.81
201255,2022,3,1037.81
201255,2022,4,1037.81
201255,2022,5,1037.81
201255,2022,6,1037.81
201255,2022,7,1037.81
201255,2022,8,1037.81
201388,2019,5,991.5742857142857
201388,2019,6,995.99
202469,2020,7,1068.83
202469,2020,8,1068.83
202469,2020,9,1068.83
202568,2020,10,29354.1
203640,2019,3,1000.0
203640,2019,4,1000.0
203640,2019,5,1000.0
203640,2019,6,1000.0
203723,2021,3,1088.3225
203830,2019,4,1000.0
203830,2019,5,1000.0
203830,2019,6,1000.0
203830,2019,7,991.4869565217392
203830,2019,8,991.5926666666667
203848,2019,4,1000.0
203848,2019,5,1000.0
203848,2019,6,1000.0
203848,2019,7,1000.0
203848,2019,8,1000.0
203848,2019,9,1000.0
203848,2019,10,1000.0
203848,2019,11,1000.0
203848,2019,12,1000.0
203848,2020,1,1000.0
203848,2020,2,1000.0
203848,2020,3,1000.0
203848,2020,4,1000.0
203848,2020,5,1000.0
203848,2020,6,1000.0
203848,2020,7,1000.0
203848,2020,8,1000.0
203921,2019,5,1000.0
203921,2019,6,1000.0
203921,2019,7,1000.0
203921,2019,8,1000.0
203921,2019,9,1000.0
203921,2019,10,1000.0
203921,2019,11,1000.0
203921,2019,12,1000.0
203921,2020,1,1000.0
203921,2020,2,1000.0
203921,2020,3,1000.0
203921,2020,4,1000.0
203921,2020,5,1000.0
203939,2019,5,1000.0
203939,2019,6,1000.0
203939,2019,7,1000.0
203939,2019,8,1000.0
203939,2019,9,1000.0
203939,2019,10,1000.0
203939,2019,11,1000.0
203939,2019,12,1000.0
203939,2020,1,1000.0
203939,2020,2,1000.0
203939,2020,3,1000.0
203939,2020,4,1000.0
203939,2020,5,1000.0
203939,2020,6,1000.0
203939,2020,7,1000.0
203939,2020,8,1000.0
203947,2019,5,1000.0
203947,2019,6,1000.0
203947,2019,7,1000.0
203947,2019,8,1000.0
203947,2019,9,1000.0
203947,2019,10,1000.0
203947,2019,11,1000.0
203947,2019,12,1000.0
203947,2020,1,1000.0
203947,2020,2,1000.0
203947,2020,3,1000.0
203947,2020,4,1000.0
203947,2020,5,1000.0
203947,2020,6,1000.0
203947,2020,7,1000.0
203947,2020,8,1000.0
204002,2019,5,1000.0
204002,2019,6,1000.0
204002,2019,7,1000.0
204002,2019,8,1028.6057142857144
204002,2019,9,1056.2285714285713
204002,2019,10,1056.34
204002,2019,11,1056.34
204002,2019,12,1056.34
204002,2020,1,1056.34
204002,2020,2,1056.34
204002,2020,3,1056.34
204002,2020,4,1056.34
204002,2020,5,1056.34
204002,2020,6,1056.34
204002,2020,7,1056.34
204002,2020,8,1056.34
204002,2020,9,1056.34
204002,2020,10,1056.34
204002,2020,11,1056.34
204002,2020,12,1056.34
204002,2021,1,1056.34
204002,2021,2,1056.34
204002,2021,3,1056.34
204002,2021,4,1056.34
204002,2021,5,1056.34
204002,2021,6,1056.34
204002,2021,7,1056.34
204002,2021,8,1056.34
204002,2021,9,1056.34
204002,2021,10,1056.34
204002,2021,11,1056.34
204002,2021,12,1056.34
204002,2022,1,1056.34
204002,2022,2,1056.34
204002,2022,3,1056.34
204002,2022,4,1056.34
204002,2022,5,1056.34
204069,2019,6,1000.0
204069,2019,7,1000.0
204069,2019,8,1000.0
204069,2019,9,1000.0
204069,2019,10,1000.0
204069,2019,11,1000.0
204069,2019,12,1000.0
204069,2020,1,1000.0
204069,2020,2,1000.0
204069,2020,3,1000.0
204069,2020,4,1000.0
204069,2020,5,1000.0
204069,2020,6,1000.0
204069,2020,7,1000.0
204069,2020,8,1000.0
204069,2020,9,1000.0
204069,2020,10,1000.0
204069,2020,11,1000.0
204069,2020,12,1000.0
204069,2021,1,1000.0
204069,2021,2,1000.0
204069,2021,3,4815.4286363636365
204069,2021,4,28861.82227272727
204069,2021,5,28800.53388888889
204069,2021,6,28798.97
204085,2019,6,1000.0
204085,2019,7,1000.0
204085,2019,8,1000.0
204085,2019,9,1000.0
204085,2019,10,1000.0
204085,2019,11,1000.0
204085,2019,12,1000.0
204085,2020,1,1000.0
204085,2020,2,1000.0
204085,2020,3,1000.0
204085,2020,4,1000.0
204085,2020,5,1000.0
204085,2020,6,1000.0
204150,2019,6,1000.0
204150,2019,7,1000.0
204150,2019,8,1000.0
204150,2019,9,1000.0
204150,2019,10,1000.0
204150,2019,11,1000.0
204150,2019,12,1000.0
204150,2020,1,1000.0
204150,2020,2,1000.0
204150,2020,3,1000.0
204150,2020,4,1000.0
204150,2020,5,1000.0
204150,2020,6,1000.0
204150,2020,7,1096.692608695652
204150,2020,8,1237.11
204150,2020,9,1231.2681818181818
204150,2020,10,1176.8657142857144
204150,2020,11,1171.32
204150,2020,12,1171.32
204150,2021,1,1171.32
204150,2021,2,1171.32
204150,2021,3,1171.32
204150,2021,4,1171.32
204150,2021,5,1171.32
204150,2021,6,1171.32
204150,2021,7,1171.32
204150,2021,8,1182.2759999999998
204150,2021,9,1226.1
204150,2021,10,1226.1
204150,2021,11,1226.1
204150,2021,12,1226.1
204150,2022,1,1226.1
204150,2022,2,1124.8676470588234
204150,2022,3,1069.65
204150,2022,4,1069.65
204150,2022,5,1069.65
204150,2022,6,1069.65
204150,2022,7,1069.65
204150,2022,8,1069.65
204184,2019,6,1000.0
204184,2019,7,1000.0
204184,2019,8,1000.0
204184,2019,9,1000.0
204184,2019,10,1000.0
204556,2019,12,1057.58
204556,2020,1,1095.2142105263158
204556,2020,2,1120.289
204556,2020,3,1123.0961904761905
204556,2020,4,1121.73
204556,2020,5,1121.73
204556,2020,6,1121.73
204556,2020,7,1121.73
204556,2020,8,1121.73
204556,2020,9,1121.73
204556,2020,10,1121.73
204556,2020,11,1121.73
204556,2020,12,1121.73
204556,2021,1,1121.73
204556,2021,2,1121.73
204556,2021,3,1121.73
204556,2021,4,1121.73
204556,2021,5,1121.73
204556,2021,6,1121.73
204556,2021,7,1121.73
204556,2021,8,1108.0880000000002
204556,2021,9,1077.16
204556,2021,10,1077.16
204556,2021,11,1077.16
204853,2021,5,28240.666250000002
204853,2021,6,28079.374499999998
204853,2021,7,28084.166999999998
204861,2020,10,28887.890000000003
204861,2020,11,28887.889999999996
204861,2020,12,28887.889999999996
204861,2021,1,28887.89
204861,2021,2,28887.889999999996
205736,2021,2,28315.0
205736,2021,3,28403.254545454543
205736,2021,4,28444.44
205736,2021,5,28444.44
205736,2021,6,28444.439999999995
205736,2021,7,28444.44
205736,2021,8,28444.439999999995
205736,2021,9,28444.44
205736,2021,10,28444.44
205736,2021,11,27490.14
205736,2021,12,27710.188181818183
207518,2020,9,985.0
207518,2020,10,985.0
207518,2020,11,1007.0952380952381
207518,2020,12,1006.6666666666666
207518,2021,1,1000.0
207518,2021,2,1000.0
207518,2021,3,976.4545454545455
207518,2021,4,940.3136363636364
207518,2021,5,930.7000000000002
207518,2021,6,909.559
207518,2021,7,907.2100000000002
207518,2021,8,907.21
207518,2021,9,907.2100000000002
207518,2021,10,907.21
207518,2021,11,907.2100000000002
207518,2021,12,907.21
207518,2022,1,907.21
207518,2022,2,907.21
207518,2022,3,907.21
207518,2022,4,907.21
207518,2022,5,907.2100000000002
207518,2022,6,907.2100000000002
207518,2022,7,907.21
207518,2022,8,907.21
209373,2021,2,998.3071428571428
209381,2021,4,994.08
209381,2021,5,994.0800000000002
211114,2022,1,28255.74
211114,2022,2,28633.225
211502,2021,7,27682.53888888889
211502,2021,8,27388.078
211502,2021,9,27300.51636363636
211502,2021,10,27107.51833333333
214787,2021,5,27072.85
214787,2021,6,27072.85
214787,2021,7,27072.85
214787,2021,8,27072.85
214787,2021,9,27072.85
214787,2021,10,27072.85
214787,2021,11,27072.85
214787,2021,12,27131.793333333335
214787,2022,1,27430.046666666665
215495,2022,1,994.42
215495,2022,2,994.42
215727,2022,1,28586.850000000002
215727,2022,2,29158.040588235293
215727,2022,3,29640.97
215727,2022,4,29640.969999999998
215891,2022,1,31791.97
215891,2022,2,32393.043333333335
216923,2021,5,28208.86
216923,2021,6,28208.859999999997
216923,2021,7,28208.86
216923,2021,8,28208.859999999997
216923,2021,9,28208.86
216923,2021,10,28208.859999999997
216923,2021,11,28208.86
216923,2021,12,28208.860000000004
216923,2022,1,28208.859999999997
216923,2022,2,28208.86
216923,2022,3,28208.86
216923,2022,4,28208.860000000004
216923,2022,5,28208.86
216923,2022,6,28208.86
216923,2022,7,28208.860000000004
216923,2022,8,28208.86
218333,2021,9,27023.87
218333,2021,10,27023.87
218333,2021,11,27023.87
218333,2021,12,27023.870000000003
218333,2022,1,27325.093684210526
218333,2022,2,28931.62
218333,2022,3,28931.62
218333,2022,4,28931.620000000003
218333,2022,5,28931.62
218333,2022,6,28931.62
218333,2022,7,28931.62
218812,2022,3,29181.480000000003
218812,2022,4,29181.48
218812,2022,5,29181.479999999996
218812,2022,6,29181.48
221436,2022,3,989.8455555555556
221436,2022,4,993.3233333333333
225668,2022,3,903.11
225668,2022,4,910.2890476190476
225668,2022,5,915.31
225668,2022,6,915.31
225668,2022,7,915.31
225668,2022,8,915.31
225791,2022,4,945.1135
225791,2022,5,951.02
225791,2022,6,959.0204545454545
225791,2022,7,964.95
225791,2022,8,964.95
225809,2022,4,1032.3584999999998
225809,2022,5,1039.6531818181818
225809,2022,6,1031.2013636363636
225809,2022,7,1000.3
225809,2022,8,1000.3
225866,2022,4,977.11
225866,2022,5,980.1272727272727
225866,2022,6,987.2422727272726
225866,2022,7,993.8583333333333
225908,2022,5,1007.3733333333332
225908,2022,6,1007.43
225908,2022,7,1019.2328571428571
225908,2022,8,1022.01
225940,2022,6,942.46
225940,2022,7,942.46
225940,2022,8,942.46
225981,2022,6,980.89
225981,2022,7,980.89
225981,2022,8,980.89
226187,2022,8,976.66
226195,2022,8,884.13
226260,2022,8,1059.11
AAPL,2019,7,5792.0
AAPL,2019,8,5625.619047619048
AAPL,2019,9,5812.0952380952385
AAPL,2019,10,6172.863636363636
AAPL,2019,11,6925.809523809524
AAPL,2019,12,7014.736842105263
AAPL,2020,1,8032.526315789473
AAPL,2020,2,8259.45
AAPL,2020,3,7242.047619047619
AAPL,2020,4,7644.476190476191
AAPL,2020,5,8408.78947368421
AAPL,2020,6,9248.6
AAPL,2020,7,10595.835747826086
AAPL,2020,8,13133.15
AAPL,2020,9,4833.318181818182
AAPL,2020,10,3570.8571428571427
AAPL,2020,11,3479.7619047619046
AAPL,2020,12,3845.0476190476193
AAPL,2021,1,4002.9444444444443
AAPL,2021,2,4018.15
AAPL,2021,3,3626.318181818182
AAPL,2021,4,3831.2727272727275
AAPL,2021,5,3669.9444444444443
AAPL,2021,6,3627.95
AAPL,2021,7,4037.5454545454545
AAPL,2021,8,4022.65
AAPL,2021,9,4161.727272727273
AAPL,2021,10,4043.3684210526317
AAPL,2021,11,4250.045454545455
AAPL,2021,12,4773.714285714285
AAPL,2022,1,5000.0
AAPL,2022,2,5000.0
AAPL,2022,3,5000.0
AAPL,2022,4,5000.0
AAPL,2022,5,5000.0
AAPL,2022,6,5000.0
AAPL,2022,7,5000.0
AAPL,2022,8,5000.0
AFLZ02,2021,3,1014.0883333333334
AFLZ02,2021,4,1014.7100000000002
AFLZ02,2021,5,1014.7099999999999
AFLZ02,2021,6,1014.71
AFLZ02,2021,7,1014.7100000000002
AFLZ02,2021,8,1014.71
AFLZ02,2021,9,1014.7100000000002
AFLZ02,2021,10,1014.71
AFLZ02,2021,11,1014.7100000000002
AFLZ02,2021,12,1014.71
AFLZ02,2022,1,1014.71
AFLZ02,2022,2,1014.71
AFLZ02,2022,3,1014.71
AFLZ02,2022,4,1014.71
AFLZ02,2022,5,1014.7100000000002
AFLZ02,2022,6,1014.7100000000002
AFLZ02,2022,7,1014.71
AFLZ02,2022,8,1014.71
ALIA,2018,3,55.00599999999999
ALIA,2018,4,55.006
ALIA,2018,5,55.00599999999999
ALIA,2018,6,55.006
ALIA,2018,7,55.006
ALIA,2018,8,55.006
ALIA,2018,9,55.00599999999999
ALIA,2018,10,55.006
ALIA,2018,11,55.006
ALIA,2018,12,55.006
ALIA,2019,1,55.006
AMD,2021,4,2399.294117647059
AMD,2021,5,2235.6666666666665
AMD,2021,6,2288.45
AMD,2021,7,2559.7727272727275
AMD,2021,8,2805.6
AMD,2021,9,2865.0
AMD,2021,10,2956.5789473684213
AMD,2021,11,3429.681818181818
AMD,2021,12,4050.0476190476193
AMD,2022,1,3993.0
AMD,2022,2,3637.0588235294117
AMD,2022,3,3317.0
AMD,2022,4,3317.0
AMD,2022,5,3317.0
AMD,2022,6,3317.0
AMD,2022,7,3317.0
AMD,2022,8,3317.0
AST,2021,12,285.0
AST,2022,1,264.2105263157895
AST,2022,2,240.11764705882354
AST,2022,3,215.0
AST,2022,4,215.0
AST,2022,5,215.0
AST,2022,6,215.0
AST,2022,7,215.0
AST,2022,8,215.0
AVDK,2018,3,3.99985
AVDK,2018,4,10.96968947368421
AVDK,2018,5,14.002
AVTO,2018,4,79.85714285714286
AVTO,2018,5,87.5
AVTO,2018,6,85.0
AVTO,2018,7,85.0
AZST,2018,3,0.8650928571428571
BAVL,2018,3,0.332975
BAVL,2018,4,0.35595789473684214
BAVL,2018,5,0.34866
BAVL,2018,6,0.32043157894736846
BAVL,2018,7,0.3189
BAVL,2018,8,0.3189
BAVL,2018,9,0.3189
BAVL,2018,10,0.3189
BAVL,2018,11,0.3189
BAVL,2018,12,0.3189
BAVL,2019,1,0.3189
BAVL,2019,2,0.3189
BAVL,2019,3,0.36279
BAVL,2019,4,0.36085
BAVL,2019,5,0.35
BAVL,2019,6,0.30447222222222226
BAVL,2019,7,0.29395217391304346
BAVL,2019,8,0.3007142857142857
BAVL,2019,9,0.30488571428571426
BAVL,2019,10,0.30777272727272725
BAVL,2019,11,0.315047619047619
BAVL,2019,12,0.3270526315789474
BAVL,2020,1,0.33573157894736844
BAVL,2020,2,0.3791
BAVL,2020,3,0.3492142857142857
BAVL,2020,4,0.32880952380952383
BAVL,2020,5,0.30799473684210527
BAVL,2020,6,0.32004
BAVL,2020,7,0.33406956521739134
BAVL,2020,8,0.387005
BAVL,2020,9,0.40579545454545457
BAVL,2020,10,0.38076190476190475
BAVL,2020,11,0.3842857142857143
BAVL,2020,12,0.40505238095238094
BAVL,2021,1,0.44236111111111115
BAVL,2021,2,0.47447999999999996
BAVL,2021,3,0.48102272727272727
BAVL,2021,4,0.4518181818181818
BAVL,2021,5,0.45089444444444443
BAVL,2021,6,0.43278
BAVL,2021,7,0.45041818181818183
BAVL,2021,8,0.44027000000000005
BAVL,2021,9,0.43918181818181823
BAVL,2021,10,0.445221052631579
BAVL,2021,11,0.44216363636363637
BAVL,2021,12,0.4246190476190476
BAVL,2022,1,0.43773684210526315
BAVL,2022,2,0.43422352941176473
BAVL,2022,3,0.43500000000000005
BAVL,2022,4,0.435
BAVL,2022,5,0.435
BAVL,2022,6,0.435
BAVL,2022,7,0.435
BAVL,2022,8,0.435
CCPSCA,2018,3,163500.0
CEEN,2018,3,18.841935
CEEN,2018,4,20.44086842105263
CEEN,2018,5,20.36946
CEEN,2018,6,15.59221052631579
CEEN,2018,7,14.999
CEEN,2018,8,14.999
CEEN,2018,9,14.999
CEEN,2018,10,14.999
CEEN,2018,11,14.999
CEEN,2018,12,14.999000000000002
CEEN,2019,1,14.999
CEEN,2019,2,14.999
CEEN,2019,3,13.04895
CEEN,2019,4,11.927
CEEN,2019,5,12.338095238095237
CEEN,2019,6,11.751666666666667
CEEN,2019,7,11.123913043478261
CEEN,2019,8,10.807142857142857
CEEN,2019,9,10.414285714285715
CEEN,2019,10,9.568590909090908
CEEN,2019,11,9.004761904761905
CEEN,2019,12,9.102631578947367
CEEN,2020,1,9.189473684210526
CEEN,2020,2,9.07
CEEN,2020,3,7.730380952380952
CEEN,2020,4,6.762361904761905
CEEN,2020,5,6.376315789473685
CEEN,2020,6,6.720000000000001
CEEN,2020,7,5.495947826086956
CEEN,2020,8,4.932675
CEEN,2020,9,4.870681818181819
CEEN,2020,10,5.075238095238095
CEEN,2020,11,5.98232380952381
CEEN,2020,12,6.776161904761905
CEEN,2021,1,7.944444444444445
CEEN,2021,2,8.5427
CEEN,2021,3,8.735018181818182
CEEN,2021,4,9.052272727272728
CEEN,2021,5,9.166666666666666
CEEN,2021,6,9.205615
CEEN,2021,7,9.622727272727273
CEEN,2021,8,9.78962
CEEN,2021,9,9.378845454545454
CEEN,2021,10,8.6
CEEN,2021,11,8.131936363636363
CEEN,2021,12,7.336190476190477
CEEN,2022,1,6.9395263157894735
CEEN,2022,2,7.08
CEEN,2022,3,6.8813
CEEN,2022,4,6.8813
CEEN,2022,5,6.8812999999999995
CEEN,2022,6,6.8812999999999995
CEEN,2022,7,6.8813
CEEN,2022,8,6.8813
CHEON,2018,3,1.5
CHEON,2018,4,1.5
CHEON,2018,5,1.5
CHEON,2018,6,1.5
CHEON,2018,7,1.5
CHEON,2018,8,1.5
CHEON,2018,9,1.5
CHEON,2018,10,1.5
CHEON,2018,11,1.5
CHEON,2018,12,1.5
CHEON,2019,1,1.5
CHEON,2019,2,1.5
CHEON,2019,3,1.5
CHEON,2019,4,1.5
CHEON,2019,5,1.5
CHEON,2019,6,1.5
CHEON,2019,7,1.5
CHEON,2019,8,1.5
CHEON,2019,9,1.5
CHEON,2019,10,1.5
CHEON,2019,11,1.5
CHEON,2019,12,1.5
CHEON,2020,1,1.5
CHEON,2020,2,1.5
CHEON,2020,3,1.5
CHEON,2020,4,1.5
CHEON,2020,5,1.5
CHEON,2020,6,1.5
CHEON,2020,7,1.5
CHEON,2020,8,1.5
CHEON,2020,9,1.5
CHEON,2020,10,1.5
CHEON,2020,11,1.5
CHEON,2020,12,1.5
CHEON,2021,1,1.5
CHEON,2021,2,1.5
CHEON,2021,3,1.6636363636363638
CHEON,2021,4,2.609090909090909
CHEON,2021,5,4.0
CHEON,2021,6,4.0
CHEON,2021,7,4.0
CHEON,2021,8,4.0
CHEON,2021,9,4.0
CHEON,2021,10,4.0
CHEON,2021,11,4.0
CHEON,2021,12,4.0
CHEON,2022,1,4.0
CHEON,2022,2,4.0
CHEON,2022,3,4.0
CHEON,2022,4,4.0
CHEON,2022,5,4.0
CHEON,2022,6,4.0
CHEON,2022,7,4.0
CHEON,2022,8,4.0
CHON,2018,3,1.4985
CHON,2018,4,1.4985
CHON,2018,5,1.4990999999999999
CHON,2018,6,1.5
CHON,2018,7,1.5
CHON,2018,8,1.5
CHON,2018,9,1.5
CHON,2018,10,1.5
CHON,2018,11,1.5
CHON,2018,12,1.5
DMKD,2018,3,0.1
DMKD,2018,4,0.1
DMKD,2018,5,0.1
DMKD,2018,6,0.1
DMKD,2018,7,0.1
DMKD,2018,8,0.1
DMKD,2018,9,0.1
DMKD,2018,10,0.1
DMKD,2018,11,0.1
DMKD,2018,12,0.1
DMKD,2019,1,0.1
DMKD,2019,2,0.1
DMKD,2019,3,0.1
DMPZ,2018,3,0.0035000000000000005
DMPZ,2018,4,0.0035
DMPZ,2018,5,0.0035000000000000005
DMPZ,2018,6,0.0035
DMPZ,2018,7,0.0035
DMPZ,2018,8,0.0035
DMPZ,2018,9,0.0035000000000000005
DMPZ,2018,10,0.0035
DMPZ,2018,11,0.0035
DMPZ,2018,12,0.0035
DMPZ,2019,1,0.0035000000000000005
DMPZ,2019,2,0.0035000000000000005
DMPZ,2019,3,0.0035
DNAZ,2018,3,0.24500000000000002
DNAZ,2018,4,0.24500000000000002
DNAZ,2018,5,0.24500000000000002
DNAZ,2018,6,0.24500000000000002
DNAZ,2018,7,0.245
DNAZ,2018,8,0.245
DNAZ,2018,9,0.24500000000000002
DNAZ,2018,10,0.245
DNAZ,2018,11,0.245
DNAZ,2018,12,0.245
DNAZ,2019,1,0.24500000000000002
DNAZ,2019,2,0.24500000000000002
DNAZ,2019,3,0.24500000000000002
DNAZ,2019,4,0.24500000000000002
DNAZ,2019,5,0.24499999999999997
DNAZ,2019,6,0.245
DNAZ,2019,7,0.245
DNAZ,2019,8,0.24499999999999997
DNAZ,2019,9,0.24499999999999997
DNAZ,2019,10,0.245
DNAZ,2019,11,0.24499999999999997
DNAZ,2019,12,0.24500000000000002
DNAZ,2020,1,0.24500000000000002
DNAZ,2020,2,0.24500000000000002
DNAZ,2020,3,0.24499999999999997
DNAZ,2020,4,0.24499999999999997
DNAZ,2020,5,0.24500000000000002
DNAZ,2020,6,0.24500000000000002
DNAZ,2020,7,0.245
DNAZ,2020,8,0.24500000000000002
DNAZ,2020,9,0.245
DNAZ,2020,10,0.2621428571428571
DNAZ,2020,11,0.29
DNAZ,2020,12,0.29
DNAZ,2021,1,0.29
DNAZ,2021,2,0.29
DNAZ,2021,3,0.29
DNAZ,2021,4,0.29
DNAZ,2021,5,0.29
DNAZ,2021,6,0.29
DNAZ,2021,7,0.29
DNAZ,2021,8,0.29
DNAZ,2021,9,0.29
DNAZ,2021,10,0.29
DNAZ,2021,11,0.29
DNAZ,2021,12,0.2129047619047619
DNAZ,2022,1,0.22178947368421054
DNAZ,2022,2,0.13464705882352943
DNAZ,2022,3,0.07
DNAZ,2022,4,0.07
DNAZ,2022,5,0.07
DNAZ,2022,6,0.07
DNAZ,2022,7,0.07
DNAZ,2022,8,0.07
DNON,2018,3,355.86411
DNON,2018,4,226.31578947368422
DNON,2018,5,229.0
DNON,2018,6,220.6315789473684
DNON,2018,7,196.5
DNON,2018,8,196.5
DNON,2018,9,196.5
DNON,2018,10,196.5
DNON,2018,11,196.5
DNON,2018,12,196.5
DNON,2019,1,196.5
DNON,2019,2,196.5
DNON,2019,3,196.5
DNON,2021,11,218.4
DNON,2021,12,350.16190476190474
DNON,2022,1,360.0
DNVM,2018,3,2.25
DNVM,2018,4,2.25
DNVM,2018,5,2.25
DNVM,2018,6,2.25
DNVM,2018,7,2.25
DNVM,2018,8,2.25
DNVM,2018,9,2.25
DNVM,2018,10,2.25
DOEN,2018,3,18.704415
DOEN,2018,4,18.5307
DOEN,2018,5,22.52065
DOEN,2018,6,23.330763157894737
DOEN,2018,7,23.5
DOEN,2018,8,23.5
DOEN,2018,9,23.5
DOEN,2018,10,23.5
DOEN,2018,11,23.5
DOEN,2018,12,23.5
DOEN,2019,1,23.5
DOEN,2019,2,23.5
DOEN,2019,3,32.9
DOEN,2019,4,33.0
DOEN,2019,5,32.80952380952381
DOEN,2019,6,28.055555555555557
DOEN,2019,7,28.0
DOEN,2019,8,25.585714285714282
DOEN,2019,9,24.0
DOEN,2019,10,25.022727272727273
DOEN,2019,11,24.952380952380953
DOEN,2019,12,24.57894736842105
DOEN,2020,1,25.0
DOEN,2020,2,26.26
DOEN,2020,3,25.68705238095238
DOEN,2020,4,24.452380952380953
DOEN,2020,5,23.515789473684208
DOEN,2020,6,22.0
DOEN,2020,7,22.0
DOEN,2020,8,20.6
DOEN,2020,9,19.0
DOEN,2020,10,19.0
DOEN,2020,11,19.666666666666668
DOEN,2020,12,20.023809523809526
DOEN,2021,1,23.02777777777778
DOEN,2021,2,24.0
DOEN,2021,3,23.795454545454547
DOEN,2021,4,24.40909090909091
DOEN,2021,5,23.805555555555557
DOEN,2021,6,20.0685
DOEN,2021,7,20.363636363636363
DOEN,2021,8,17.619999999999997
DOEN,2021,9,14.159090909090908
DOEN,2021,10,14.368947368421052
DOEN,2021,11,21.61181818181818
DOEN,2021,12,25.29380952380952
DOEN,2022,1,28.789473684210527
DOEN,2022,2,26.044117647058822
DOEN,2022,3,17.35
DOEN,2022,4,17.35
DOEN,2022,5,17.35
DOEN,2022,6,17.35
DOEN,2022,7,17.35
DOEN,2022,8,17.35
DOGZ,2018,3,0.04
DOGZ,2018,4,0.040126315789473684
DOGZ,2018,5,0.056565
DOGZ,2018,6,0.2705263157894737
DOGZ,2018,7,0.28
DOGZ,2018,8,0.28
DOGZ,2018,9,0.28
DOGZ,2018,10,0.28
DOGZ,2018,11,0.28
DOGZ,2018,12,0.28
DOGZ,2019,1,0.28
DOGZ,2019,2,0.28
DOGZ,2019,3,0.28
DOGZ,2019,4,0.28
DOGZ,2019,5,0.28
DOGZ,2019,6,0.28
DOGZ,2019,7,0.28
DOGZ,2019,8,0.28
DOGZ,2019,9,0.28
DOGZ,2019,10,0.28
DOGZ,2019,11,0.28
DOGZ,2019,12,0.28
DOGZ,2020,1,0.28
DOGZ,2020,2,0.28
DOGZ,2020,3,0.28
DOGZ,2020,4,0.28
DOGZ,2020,5,0.28
DOGZ,2020,6,0.28
DOGZ,2020,7,0.28608695652173916
DOGZ,2020,8,0.3
DOGZ,2020,9,0.3
DOGZ,2020,10,0.3
DOGZ,2020,11,0.3
DOGZ,2020,12,0.3
DOGZ,2021,1,0.3
DOGZ,2021,2,0.3
DOGZ,2021,3,0.30818181818181817
DOGZ,2021,4,0.27
DOMZ,2018,3,0.028499999999999998
DOMZ,2018,4,0.03
DOMZ,2018,5,0.020649999999999998
DOMZ,2018,6,0.021947368421052632
DOMZ,2018,7,0.023
DOMZ,2018,8,0.023
DOMZ,2018,9,0.023
DOMZ,2018,10,0.023
DOMZ,2018,11,0.023
DOMZ,2018,12,0.023
DOMZ,2019,1,0.023
DOMZ,2019,2,0.023
DOMZ,2019,3,0.023
DOMZ,2019,4,0.023
DOMZ,2019,5,0.023
DOMZ,2019,6,0.023
DOMZ,2019,7,0.023
DOMZ,2019,8,0.023
DOMZ,2019,9,0.023
DOMZ,2019,10,0.023
DOMZ,2019,11,0.023
DOMZ,2019,12,0.023
DOMZ,2020,1,0.023
DOMZ,2020,2,0.023
DOMZ,2020,3,0.023
DOMZ,2020,4,0.023
DOMZ,2020,5,0.023
DOMZ,2020,6,0.023
DOMZ,2020,7,0.023
DOMZ,2020,8,0.023
DOMZ,2020,9,0.023
DOMZ,2020,10,0.023
DOMZ,2020,11,0.023
DOMZ,2020,12,0.023
DOMZ,2021,1,0.023
DOMZ,2021,2,0.023
DOMZ,2021,3,0.023
DOMZ,2021,4,0.023
DOMZ,2021,5,0.023
DOMZ,2021,6,0.023
DOMZ,2021,7,0.023
DOMZ,2021,8,0.023
DOMZ,2021,9,0.023
DOMZ,2021,10,0.024526315789473684
DOMZ,2021,11,0.05318181818181818
DOMZ,2021,12,0.11714285714285715
DOMZ,2022,1,0.15
DOMZ,2022,2,0.11399999999999999
DOMZ,2022,3,0.08
DOMZ,2022,4,0.08
DOMZ,2022,5,0.08
DOMZ,2022,6,0.08
DOMZ,2022,7,0.08
DOMZ,2022,8,0.08
DRMZ,2018,3,0.27880000000000005
DRMZ,2018,4,0.28
DRMZ,2018,5,0.28
DRMZ,2018,6,0.28
DVNT,2018,3,2.499
DVNT,2018,4,2.499
DVNT,2018,5,2.499
DVNT,2018,6,2.499
DVNT,2018,7,2.499
DVNT,2018,8,2.499
DVNT,2018,9,2.499
DVNT,2018,10,2.499
DVNT,2018,11,2.499
DVNT,2018,12,2.499
DVNT,2019,1,2.499
DVNT,2019,2,2.499
DVNT,2019,3,2.499
DVNT,2019,4,2.499
DVNT,2019,5,2.499
DVNT,2019,6,2.499
DVRB,2018,3,0.78
DVRB,2018,4,0.78
DVRB,2018,5,0.78
DVRB,2018,6,0.78
DVRB,2018,7,0.78
DVRB,2018,8,0.78
DVRB,2018,9,0.78
DVRB,2018,10,0.78
DVRB,2018,11,0.78
DVRB,2018,12,0.78
DVRB,2019,1,0.78
DVRB,2019,2,0.78
DVRB,2019,3,0.78
ENMA,2018,3,0.2575
ENMA,2018,4,0.26
ENMA,2018,5,0.26
ENMA,2018,6,0.26
ENMA,2018,7,0.26
ENMA,2018,8,0.26
ENMA,2018,9,0.26
ENMA,2018,10,0.26
ENMA,2018,11,0.26
ENMA,2018,12,0.26
ENMA,2019,1,0.26
ENMA,2019,2,0.26
ENMA,2019,3,0.26
ENMA,2019,4,0.26
ENMA,2019,5,0.26
ENMA,2019,6,0.26
ENMA,2019,7,0.26
ENMA,2019,8,0.26
ENMA,2019,9,0.26
ENMA,2019,10,0.26
ENMA,2019,11,0.26
ENMA,2019,12,0.26
ENMA,2020,1,0.26
ENMA,2020,2,0.26
ENMA,2020,3,0.26
ENMA,2020,4,0.26
ENMA,2020,5,0.26
ENMA,2020,6,0.26
ENMA,2020,7,0.26
ENMA,2020,8,0.26
ENMA,2020,9,0.26
ENMA,2020,10,0.26
ENMA,2020,11,0.26
ENMA,2020,12,0.26
ENMA,2021,1,0.26
ENMA,2021,2,0.26
ENMA,2021,3,0.2736363636363636
ENMA,2021,4,0.29
ENMA,2021,5,0.29666666666666663
ENMA,2021,6,0.35
ENMA,2021,7,0.35
ENMA,2021,8,0.35
ENMA,2021,9,0.35
ENMA,2021,10,0.35
ENMA,2021,11,0.35
ENMA,2021,12,0.36
ENMA,2022,1,0.42
ENMA,2022,2,0.42
ENMA,2022,3,0.42
ENMA,2022,4,0.42000000000000004
ENMA,2022,5,0.42
ENMA,2022,6,0.42
ENMA,2022,7,0.42000000000000004
ENMA,2022,8,0.42
FARM,2018,3,344.0
FARM,2018,4,348.41999999999996
FARM,2018,5,345.0005
FARM,2018,6,354.7463157894737
FARM,2018,7,360.01
FARM,2018,8,360.01
FARM,2018,9,360.01
FARM,2018,10,360.01
FARM,2018,11,360.01
FARM,2018,12,360.01
FARM,2019,1,360.01
FARM,2019,2,360.01
FARM,2019,3,512.951
FARM,2019,4,551.0
FARM,2019,5,551.0
FARM,2019,6,551.0
FARM,2019,7,551.0
FARM,2019,8,551.0
FARM,2019,9,551.0
FARM,2019,10,551.0
FARM,2019,11,551.0
FARM,2019,12,551.0
FARM,2020,1,551.0
FARM,2020,2,551.0
FARM,2020,3,551.0
FARM,2020,4,551.0
FARM,2020,5,498.10526315789474
FARM,2020,6,350.0
FARM,2020,7,350.0
FARM,2020,8,350.0
FARM,2020,9,350.0
FARM,2020,10,350.0
FARM,2020,11,350.0
FARM,2020,12,350.0
FARM,2021,1,350.0
FARM,2021,2,350.0
FARM,2021,3,350.0
FARM,2021,4,350.0
FARM,2021,5,350.0
FARM,2021,6,350.0
FARM,2021,7,350.0
FARM,2021,8,350.0
FARM,2021,9,350.0
FARM,2021,10,350.0
FARM,2021,11,350.0
FARM,2021,12,350.0
FARM,2022,1,350.0
FARM,2022,2,350.0
FARM,2022,3,350.0
FARM,2022,4,350.0
FARM,2022,5,350.0
FARM,2022,6,350.0
FARM,2022,7,350.0
FARM,2022,8,350.0
FB,2021,4,8988.166666666666
FB,2021,5,9182.722222222223
FB,2021,6,9415.8
FB,2021,7,9890.136363636364
FB,2021,8,10022.0
FB,2021,9,10022.0
FB,2021,10,10022.0
FB,2021,11,10022.0
FB,2021,12,10022.0
FB,2022,1,10022.0
FB,2022,2,10022.0
FB,2022,3,10022.0
FB,2022,4,10022.0
FB,2022,5,10022.0
FB,2022,6,10022.0
FB,2022,7,10022.0
FB,2022,8,10022.0
FRHC,2020,10,842.5
FRHC,2020,11,885.1428571428571
FRHC,2020,12,1140.095238095238
FRHC,2021,1,1180.0
FRHC,2021,2,1180.0
FRHC,2021,3,1180.0
FRHC,2021,4,1180.0
FRHC,2021,5,1180.0
FRHC,2021,6,1180.0
FRHC,2021,7,1180.0
FRHC,2021,8,1180.0
FRHC,2021,9,1180.0
FRHC,2021,10,1180.0
FRHC,2021,11,1180.0
FRHC,2021,12,1180.0
FRHC,2022,1,1180.0
FRHC,2022,2,1180.0
FRHC,2022,3,1180.0
FRHC,2022,4,1180.0
FRHC,2022,5,1180.0
FRHC,2022,6,1180.0
FRHC,2022,7,1180.0
FRHC,2022,8,1180.0
GDGZ,2018,3,40.03
GDGZ,2018,4,40.03
GDGZ,2018,5,40.03
GDGZ,2018,6,40.03
GDGZ,2018,7,40.03
GDGZ,2018,8,40.03
GDGZ,2018,9,40.03
GDGZ,2018,10,40.03
GDGZ,2018,11,40.03
GDGZ,2018,12,40.03
GFARM,2018,3,100.0
GFARM,2018,4,100.0
GFARM,2018,5,100.0
GFARM,2018,6,100.0
GFARM,2018,7,100.0
GFARM,2018,8,100.0
GFARM,2018,9,100.0
GFARM,2018,10,100.0
GFARM,2018,11,100.0
GFARM,2018,12,100.0
GFARM,2019,1,100.0
GFARM,2019,2,100.0
GFARM,2019,3,100.0
GFARM,2019,4,100.0
GFARM,2019,5,100.0
GFARM,2019,6,100.0
GFARM,2019,7,100.0
GFARM,2019,8,100.0
GFARM,2019,9,100.0
GFARM,2019,10,100.0
GFARM,2019,11,100.0
GFARM,2019,12,100.0
GFARM,2020,1,100.0
GFARM,2020,2,100.0
GFARM,2020,3,100.0
GFARM,2020,4,100.0
GFARM,2020,5,100.0
GFARM,2020,6,100.0
GFARM,2020,7,100.0
GFARM,2020,8,100.0
GFARM,2020,9,100.0
GFARM,2020,10,100.0
GFARM,2020,11,100.0
GFARM,2020,12,100.0
GFARM,2021,1,100.0
GFARM,2021,2,100.0
GFARM,2021,3,100.0
GFARM,2021,4,100.0
GFARM,2021,5,100.0
GFARM,2021,6,100.0
GFARM,2021,7,100.0
GFARM,2021,8,100.0
GFARM,2021,9,100.0
GFARM,2021,10,100.0
GFARM,2021,11,100.0
GFARM,2021,12,100.0
GFARM,2022,1,100.0
GFARM,2022,2,100.0
GFARM,2022,3,100.0
GFARM,2022,4,100.0
GFARM,2022,5,100.0
GFARM,2022,6,100.0
GFARM,2022,7,100.0
GFARM,2022,8,100.0
GLNG,2018,3,0.122
GLNG,2018,4,0.122
GLNG,2018,5,0.122
GLNG,2018,6,0.1941894736842105
GLNG,2018,7,0.2744
GLNG,2018,8,0.2744
GLNG,2018,9,0.2744
GLNG,2018,10,0.2744
GLNG,2018,11,0.2744
GLNG,2018,12,0.2744
GLNG,2019,1,0.2744
GLNG,2019,2,0.2744
GLNG,2019,3,0.2744
GLNG,2019,4,0.2744
GLNG,2019,5,0.2744
GLNG,2019,6,0.2744
GLNG,2019,7,0.2744
GLNG,2019,8,0.2744
GLNG,2019,9,0.2744
GLNG,2019,10,0.2744
GLNG,2019,11,0.2744
GLNG,2019,12,0.2744
GLNG,2020,1,0.2744
GLNG,2020,2,0.2744
GLNG,2020,3,0.2744
GLNG,2020,4,0.2744
GLNG,2020,5,0.2744
GLNG,2020,6,0.2744
GLNG,2020,7,0.2744
GLNG,2020,8,0.2744
GLNG,2020,9,0.2744
GLNG,2020,10,0.2744
GLNG,2020,11,0.2744
GLNG,2020,12,0.2744
GLNG,2021,1,0.2744
GLNG,2021,2,0.2744
GLNG,2021,3,0.2744
GLNG,2021,4,0.2744
GLNG,2021,5,0.2744
GLNG,2021,6,0.2744
GLNG,2021,7,0.2744
GLNG,2021,8,0.2744
GLNG,2021,9,0.2744
GLNG,2021,10,0.2744
GLNG,2021,11,0.2744
GLNG,2021,12,0.2744
GLNG,2022,1,0.2744
GLNG,2022,2,0.2744
GLNG,2022,3,0.2744
GLNG,2022,4,0.2744
GLNG,2022,5,0.2744
GLNG,2022,6,0.2744
GLNG,2022,7,0.2744
GLNG,2022,8,0.2744
GOLDI,2018,3,10.06475
GOLDI,2018,4,9.98578947368421
GOLDI,2018,5,9.921875
GOLDI,2018,6,9.631578947368421
GOLDI,2018,7,9.45
GOLDI,2018,8,9.45
GOLDI,2018,9,9.45
GOLDI,2018,10,9.45
GOLDI,2018,11,9.45
GOLDI,2018,12,9.45
GOLDI,2019,1,9.45
GOLDI,2019,2,9.45
GOLDI,2019,3,9.562000000000001
GOLDI,2019,4,9.83
GOLDI,2019,5,9.83
GOLDI,2019,6,9.78
GOLDI,2019,7,9.998260869565218
GOLDI,2019,8,10.173809523809524
GOLDI,2019,9,10.24
GOLDI,2019,10,10.24
GOLDI,2019,11,10.13
HEMO,2018,3,5.0
HEMO,2018,4,5.0
HEMO,2018,5,5.0
HEMO,2018,6,5.0
HEMO,2018,7,5.0
HEMO,2018,8,5.0
HEMO,2018,9,5.0
HEMO,2018,10,5.0
HEMO,2018,11,5.0
HEMO,2018,12,5.0
HEMO,2019,1,5.0
HEMO,2019,2,5.0
HEMO,2019,3,5.0
HEMO,2019,4,5.0
HEMO,2019,5,5.0
HEMO,2019,6,5.0
HEMO,2019,7,5.0
HEMO,2019,8,5.0
HEMO,2019,9,5.0
HEMO,2019,10,5.0
HEMO,2019,11,5.0
HEMO,2019,12,5.0
HEMO,2020,1,5.0
HEMO,2020,2,5.0
HEMO,2020,3,5.0
HEMO,2020,4,5.0
HEMO,2020,5,5.0
HEMO,2020,6,5.0
HEMO,2020,7,5.0
HEMO,2020,8,5.0
HEMO,2020,9,5.0
HEMO,2020,10,5.0
HEMO,2020,11,5.0
HEMO,2020,12,5.0
HEMO,2021,1,5.0
HEMO,2021,2,5.0
HEMO,2021,3,5.0
HEMO,2021,4,5.0
HEMO,2021,5,5.0
HEMO,2021,6,5.0
HEMO,2021,7,5.0
HEMO,2021,8,5.0
HEMO,2021,9,5.0
HEMO,2021,10,5.0
HEMO,2021,11,5.0
HEMO,2021,12,5.0
HGAZ,2018,3,357.75
HGAZ,2018,4,566.0515789473684
HGAZ,2018,5,702.2495
HGAZ,2018,6,2524.4736842105262
HGAZ,2018,7,3750.0
HGAZ,2018,8,3750.0
HGAZ,2018,9,3750.0
HGAZ,2018,10,3750.0
HGAZ,2018,11,3750.0
HGAZ,2018,12,3750.0
HGAZ,2019,1,3750.0
HGAZ,2019,2,3750.0
HGAZ,2019,3,3750.0
HMBZ,2018,3,0.85925
HMBZ,2018,4,0.9066315789473683
HMBZ,2018,5,0.9
HMBZ,2018,6,0.9
HMBZ,2018,7,0.9
HMBZ,2018,8,0.9
HMBZ,2018,9,0.9
HMBZ,2018,10,0.9
HMBZ,2018,11,0.9
HMBZ,2018,12,0.8999999999999999
HMBZ,2019,1,0.9
HMBZ,2019,2,0.9
HMBZ,2019,3,0.9
HMBZ,2019,4,0.9
HMBZ,2019,5,0.9000000000000001
HMBZ,2019,6,0.8999999999999999
HMBZ,2019,7,0.9391304347826087
HMBZ,2019,8,0.8857142857142858
HMBZ,2019,9,0.7
HMBZ,2019,10,0.7
HMBZ,2019,11,0.7
HMBZ,2019,12,0.7
HMBZ,2020,1,0.7
HMBZ,2020,2,0.7
HMBZ,2020,3,0.7
HMBZ,2020,4,0.7
HMBZ,2020,5,0.7
HMBZ,2020,6,0.7
HMBZ,2020,7,0.7
HMBZ,2020,8,0.7
HMBZ,2020,9,0.7
HMBZ,2020,10,0.7
HMBZ,2020,11,0.7
HMBZ,2020,12,0.7
HMBZ,2021,1,0.6222222222222222
HMBZ,2021,2,0.5
HMBZ,2021,3,0.5
HMBZ,2021,4,0.5
HMBZ,2021,5,0.4555555555555555
HMBZ,2021,6,0.03425
HMBZ,2021,7,0.019227272727272728
HMBZ,2021,8,0.00975
HMBZ,2021,9,0.018727272727272728
HMBZ,2021,10,0.021
HMBZ,2021,11,0.10709090909090908
HMBZ,2021,12,0.6675
HMON,2018,3,8.999
HMON,2018,4,8.999
HMON,2018,5,8.999
HMON,2018,6,4.895526315789474
HMON,2018,7,3.002
HMON,2018,8,3.002
HMON,2018,9,3.002
HMON,2018,10,3.002
HMON,2018,11,3.002
HMON,2018,12,3.002
HMON,2019,1,3.002
HMON,2019,2,3.002
HMON,2019,3,3.0020000000000002
HRGZ,2018,3,0.19
HRGZ,2018,4,0.19
HRGZ,2018,5,0.19
HRGZ,2018,6,0.19
HRGZ,2018,7,0.18999999999999997
HRGZ,2018,8,0.18999999999999997
HRGZ,2018,9,0.19
HRGZ,2018,10,0.18999999999999997
HRGZ,2018,11,0.18999999999999997
HRGZ,2018,12,0.19
IFAFM,2018,3,101.0
IFAFM,2018,4,101.0
IFAFM,2018,5,101.0
IFAFM,2018,6,101.0
IFAFM,2018,7,101.0
IFAFM,2018,8,101.0
IFAFM,2018,9,101.0
IFAFM,2018,10,101.0
IFAFM,2018,11,101.0
IFAFM,2018,12,101.0
IFAFM,2019,1,101.0
IFAFM,2019,2,101.0
IFAFM,2019,3,101.0
IFAFM,2019,4,101.0
IFAFM,2019,5,101.0
IFAFM,2019,6,101.0
IFAFM,2019,7,101.0
IFAFM,2019,8,101.0
IFAFM,2019,9,101.0
IFAFM,2019,10,101.0
IFAFM,2019,11,101.0
IFAFM,2019,12,101.0
IFAFM,2020,1,101.0
IFAFM,2020,2,101.0
IFAFM,2020,3,101.0
IFAFM,2020,4,101.0
IFAFM,2020,5,101.0
IFAFM,2020,6,101.0
IFAFM,2020,7,101.0
IFAFM,2020,8,101.0
IFAFM,2020,9,101.0
IFAFM,2020,10,101.0
IFAFM,2020,11,101.0
IFAFM,2020,12,101.0
IFAFM,2021,1,101.0
IFAFM,2021,2,101.0
IFAFM,2021,3,101.0
IFAFM,2021,4,101.0
IFAFM,2021,5,101.0
IFAFM,2021,6,101.0
IFAFM,2021,7,101.0
IFAFM,2021,8,101.0
IFAFM,2021,9,101.0
IFAFM,2021,10,101.0
IFAFM,2021,11,101.0
IFAFM,2021,12,101.0
IFAFM,2022,1,101.0
IFAFM,2022,2,101.0
IFAFM,2022,3,101.0
IFAFM,2022,4,101.0
IFAFM,2022,5,101.0
IFAFM,2022,6,101.0
IFAFM,2022,7,101.0
IFAFM,2022,8,101.0
IFBIS3,2018,3,1230.0
IFBIS3,2018,4,1230.0
IFBIS3,2018,5,1230.0
IFBIS3,2018,6,1230.0
IFBIS3,2018,7,1230.0
IFBIS3,2018,8,1230.0
IFBIS3,2018,9,1230.0
IFBIS3,2018,10,1230.0
IFBIS3,2018,11,1230.0
IFBIS3,2018,12,1230.0
IFBOCA,2018,3,980.3333
IFBOCA,2018,4,980.3332999999999
IFBOCA,2018,5,980.3333
IFBOCA,2018,6,980.3332999999999
IFBOCA,2018,7,980.3333000000001
IFBOCA,2018,8,980.3333000000001
IFBOCA,2018,9,980.3333
IFBOCA,2018,10,980.3333000000001
IFBOCA,2018,11,980.3333000000001
IFBOCA,2018,12,980.3333
IFBOCA,2019,1,980.3333
IFBOCA,2019,2,980.3333
IFBOCA,2019,3,980.3333
IFBOCA,2019,4,980.3333
IFBOCA,2019,5,980.3333
IFBOCA,2019,6,980.3333
IFBOCA,2019,7,980.3333
IFBOCA,2019,8,980.3333
IFBOCA,2019,9,980.3333
IFBOCA,2019,10,980.3333000000001
IFBOCA,2019,11,980.3333
IFFBD,2018,3,101.5
IFFBD,2018,4,101.5
IFFBD,2018,5,101.5
IFFBD,2018,6,101.5
IFFBD,2018,7,101.5
IFFBD,2018,8,101.5
IFFBD,2018,9,101.5
IFFBD,2018,10,101.5
IFFBD,2018,11,101.5
IFFBD,2018,12,101.5
IFFBD,2019,1,101.5
IFFBD,2019,2,101.5
IFFBD,2019,3,101.5
IFFBD,2019,4,101.5
IFFBD,2019,5,101.5
IFFBD,2019,6,101.5
IFFBD,2019,7,101.5
IFFBD,2019,8,101.5
IFFBD,2019,9,101.5
IFFBD,2019,10,101.5
IFFBD,2019,11,101.5
IFFBD,2019,12,101.0
IFFBD,2020,1,101.0
IFFBD,2020,2,101.0
IFFBD,2020,3,101.0
IFFBD,2020,4,101.0
IFFBD,2020,5,101.0
IFFBD,2020,6,101.0
IFFBD,2020,7,101.0
IFFBD,2020,8,101.0
IFFBD,2020,9,101.0
IFFBD,2020,10,101.0
IFFBD,2020,11,101.0
IFFBD,2020,12,101.0
IFFBD,2021,1,101.0
IFFBD,2021,2,101.0
IFFBD,2021,3,101.0
IFFBD,2021,4,101.0
IFFBD,2021,5,101.0
IFFBD,2021,6,101.0
IFFBD,2021,7,101.0
IFFBD,2021,8,101.0
IFFBD,2021,9,101.0
IFFBD,2021,10,101.0
IFFBD,2021,11,101.0
IFFBD,2021,12,101.0
IFFBD,2022,1,101.0
IFFBD,2022,2,101.0
IFFBD,2022,3,101.0
IFFBD,2022,4,101.0
IFFBD,2022,5,101.0
IFFBD,2022,6,101.0
IFFBD,2022,7,101.0
IFFBD,2022,8,101.0
IFFROL,2018,3,1.0
IFFROL,2018,4,1.0
IFFROL,2018,5,1.0
IFFROL,2018,6,1.0
IFFROL,2018,7,1.0
IFFROL,2018,8,1.0
IFFROL,2018,9,1.0
IFFROL,2018,10,1.0
IFFROL,2018,11,1.0
IFFROL,2018,12,1.0
IFFROL,2019,1,1.0
IFFROL,2019,2,1.0
IFFROL,2019,3,1.0
IFFROL,2019,4,1.0
IFFROL,2019,5,1.0
IFFROL,2019,6,1.0
IFFROL,2019,7,1.0
IFFROL,2019,8,1.0
IFFROL,2019,9,1.0
IFFROL,2019,10,1.0
IFFROL,2019,11,1.0
IFFROL,2019,12,1.0
IFFROL,2020,1,1.0
IFFROL,2020,2,1.0
IFFROL,2020,3,1.0
IFFROL,2020,4,1.0
IFFROL,2020,5,1.0
IFFROL,2020,6,1.0
IFFROL,2020,7,1.0
IFFROL,2020,8,1.0
IFFROL,2020,9,1.0
IFFROL,2020,10,1.0
IFFROL,2020,11,1.0
IFFROL,2020,12,1.0
IFFROL,2021,1,1.0
IFFROL,2021,2,1.0
IFFROL,2021,3,1.0
IFFROL,2021,4,1.0
IFFROL,2021,5,1.0
IFFROL,2021,6,1.0
IFFROL,2021,7,1.0
IFFROL,2021,8,1.0
IFFROL,2021,9,1.0
IFFROL,2021,10,1.0
IFFROL,2021,11,1.0
IFFROL,2021,12,1.0
IFFROL,2022,1,1.0
IFFROL,2022,2,1.0
IFFROL,2022,3,1.0
IFFROL,2022,4,1.0
IFFROL,2022,5,1.0
IFFROL,2022,6,1.0
IFFROL,2022,7,1.0
IFFROL,2022,8,1.0
IFGRUS,2018,3,2941.745
IFGRUS,2018,4,2978.342105263158
IFGRUS,2018,5,3017.27
IFGRUS,2018,6,3018.6
IFGRUS,2018,7,3027.3
IFGRUS,2018,8,3027.3
IFGRUS,2018,9,3027.3
IFGRUS,2018,10,3027.3
IFGRUS,2018,11,3027.3
IFGRUS,2018,12,3027.3
IFGRUS,2021,3,3027.3000000000006
IFGRUS,2021,4,3027.3
IFGRUS,2021,5,3027.3
IFGRUS,2021,6,3027.3
IFGRUS,2021,7,3027.3
IFGRUS,2021,8,3027.3
IFGRUS,2021,9,3027.3
IFGRUS,2021,10,3027.3
IFGRUS,2021,11,3027.3
IFGRUS,2021,12,3027.3
IFGRUS,2022,1,3027.3
IFGRUS,2022,2,3027.3
IFGRUS,2022,3,3027.3
IFGRUS,2022,4,3027.3
IFGRUS,2022,5,3027.3
IFGRUS,2022,6,3027.3
IFGRUS,2022,7,3027.3
IFGRUS,2022,8,3027.3
IFINT,2018,3,2.7773250000000003
IFINT,2018,4,2.8
IFINT,2018,5,2.7999999999999994
IFINT,2019,6,2.8
IFINT,2019,7,2.8
IFINT,2019,8,2.8
IFINT,2019,9,2.8
IFINT,2019,10,2.8
IFINT,2019,11,2.8
IFINT,2019,12,2.8
IFINT,2020,1,2.8
IFINT,2020,2,2.8
IFINT,2020,3,2.8
IFINT,2020,4,2.8
IFINT,2020,5,2.8
IFINT,2020,6,2.8
IFINT,2020,7,2.8
IFINT,2020,8,2.8
IFINT,2020,9,2.8
IFINT,2020,10,2.8
IFINT,2020,11,2.8
IFINT,2020,12,2.8
IFINT,2021,1,2.8
IFINT,2021,2,2.8
IFINT,2021,3,2.8
IFINT,2021,4,2.8
IFINT,2021,5,2.7999999999999994
IFMED,2018,3,600.0
IFMED,2018,4,600.0
IFMED,2018,5,600.0
IFMED,2018,6,600.0
IFMED,2018,7,600.0
IFMED,2018,8,600.0
IFMED,2018,9,600.0
IFMED,2018,10,600.0
IFMED,2018,11,600.0
IFMED,2018,12,600.0
IFMED,2019,1,600.0
IFMED,2019,2,600.0
IFMED,2019,3,600.0
IFMED,2019,4,600.0
IFMED,2019,5,600.0
IFMED,2019,6,600.0
IFMED,2019,7,600.0
IFMED,2019,8,600.0
IFMED,2019,9,600.0
IFMED,2019,10,600.0
IFMED,2019,11,600.0
IFMED,2019,12,600.0
IFMED,2020,1,600.0
IFMED,2020,2,600.0
IFMED,2020,3,600.0
IFMED,2020,4,600.0
IFMED,2020,5,600.0
IFMED,2020,6,600.0
IFMED,2020,7,600.0
IFMED,2020,8,600.0
IFMED,2020,9,600.0
IFMED,2020,10,600.0
IFMED,2020,11,600.0
IFMED,2020,12,600.0
IFMED,2021,1,600.0
IFMED,2021,2,600.0
IFMED,2021,3,600.0
IFMED,2021,4,600.0
IFMED,2021,5,600.0
IFMED,2021,6,600.0
IFMED,2021,7,600.0
IFMEGA,2018,3,1015.3300000000002
IFMEGA,2018,4,1015.33
IFMEGA,2018,5,1015.3300000000002
IFMEGA,2018,6,1015.33
IFMEGA,2018,7,1015.33
IFMEGA,2018,8,1015.33
IFMEGA,2018,9,1015.3300000000002
IFMEGA,2018,10,1015.33
IFMEGA,2018,11,1015.33
IFMEGA,2018,12,1015.3300000000002
IFMEGA,2019,1,1015.3300000000002
IFMEGA,2019,2,1015.3300000000002
IFMEGA,2019,3,1015.33
IFMUDR,2018,3,732.36
IFMUDR,2018,4,742.1763157894737
IFMUDR,2018,5,765.6945
IFMUDR,2018,6,801.9
IFMUDR,2018,7,801.9
IFMUDR,2018,8,801.9
IFMUDR,2018,9,801.9
IFMUDR,2018,10,801.9
IFMUDR,2018,11,801.9
IFMUDR,2018,12,801.9
IFMUDR,2020,2,801.9
IFMUDR,2020,3,801.8999999999999
IFMUDR,2020,4,801.8999999999999
IFMUDR,2020,5,801.9
IFMUDR,2020,6,801.9
IFMUDR,2020,7,801.9
IFMUDR,2020,8,801.9
IFMUDR,2020,9,801.9
IFMUDR,2020,10,801.8999999999999
IFMUDR,2020,11,801.8999999999999
IFMUDR,2020,12,801.8999999999999
IFMUDR,2021,1,801.9
IFMUDR,2021,2,801.9
IFMUDR,2021,3,801.9
IFMUDR,2021,4,801.9
IFMUDR,2021,5,801.9
IFMUDR,2021,6,801.9
IFMUDR,2021,7,801.9
IFMUDR,2021,8,801.9
IFMUDR,2021,9,801.9
IFMUDR,2021,10,801.9
IFMUDR,2021,11,801.9
IFMUDR,2021,12,801.8999999999999
IFMUDR,2022,1,801.9
IFMUDR,2022,2,801.9
IFMUDR,2022,3,801.9
IFMUDR,2022,4,801.8999999999999
IFMUDR,2022,5,801.9
IFMUDR,2022,6,801.9
IFMUDR,2022,7,801.8999999999999
IFMUDR,2022,8,801.9
IFPRFD,2018,3,101.5
IFPRFD,2018,4,101.5
IFPRFD,2018,5,101.5
IFPRFD,2018,6,101.5
IFPRFD,2018,7,101.5
IFPRFD,2018,8,101.5
IFPRFD,2018,9,101.5
IFPRFD,2018,10,101.5
IFPRFD,2018,11,101.5
IFPRFD,2018,12,101.5
IFPRFD,2019,1,101.5
IFPRFD,2019,2,101.5
IFPRFD,2019,3,101.5
IFPRFD,2019,4,101.5
IFPRFD,2019,5,101.5
IFPRFD,2019,6,101.5
IFPRFD,2019,7,101.5
IFPRFD,2019,8,101.5
IFPRFD,2019,9,101.5
IFPRFD,2019,10,101.5
IFPRFD,2019,11,101.5
IFPRFD,2019,12,101.0
IFPRFD,2020,1,101.0
IFPRFD,2020,2,101.0
IFPRFD,2020,3,101.0
IFPRFD,2020,4,101.0
IFPRFD,2020,5,101.0
IFPRFD,2020,6,101.0
IFPRFD,2020,7,101.0
IFPRFD,2020,8,101.0
IFPRFD,2020,9,101.0
IFPRFD,2020,10,101.0
IFPRFD,2020,11,101.0
IFPRFD,2020,12,101.0
IFPRFD,2021,1,101.0
IFPRFD,2021,2,101.0
IFPRFD,2021,3,101.0
IFPRFD,2021,4,101.0
IFPRFD,2021,5,101.0
IFPRFD,2021,6,101.0
IFPRFD,2021,7,101.0
IFPRFD,2021,8,101.0
IFPRFD,2021,9,101.0
IFPRFD,2021,10,101.0
IFPRFD,2021,11,101.0
IFPRFD,2021,12,101.0
IFPRFD,2022,1,101.0
IFPRFD,2022,2,101.0
IFPRFD,2022,3,101.0
IFPRFD,2022,4,101.0
IFPRFD,2022,5,101.0
IFPRFD,2022,6,101.0
IFPRFD,2022,7,101.0
IFPRFD,2022,8,101.0
IFREZN,2018,3,1000.0
IFREZN,2018,4,1000.0
IFREZN,2018,5,1000.0
IFREZN,2018,6,1000.0
IFREZO,2018,3,18.024
IFREZO,2018,4,18.024
IFREZO,2018,5,18.024
IFREZO,2018,6,18.024
IFREZO,2018,7,18.024
IFREZO,2018,8,18.024
IFREZO,2018,9,18.024
IFREZO,2018,10,18.024
IFREZO,2018,11,18.024
IFREZO,2018,12,18.024
IFREZO,2019,1,18.024
IFSHEV,2018,3,2506.83
IFSHEV,2018,4,2565.384210526316
IFSHEV,2018,5,2624.1150000000002
IFSHEV,2018,6,2624.7
IFSHEV,2018,7,2620.2
IFSHEV,2018,8,2620.2
IFSHEV,2018,9,2620.2
IFSHEV,2018,10,2620.2
IFSHEV,2018,11,2620.2
IFSHEV,2018,12,2620.2
IFSHEV,2021,3,2620.2
IFSHEV,2021,4,2620.2
IFSHEV,2021,5,2620.2
IFSHEV,2021,6,2620.2
IFSHEV,2021,7,2620.2
IFSHEV,2021,8,2620.2
IFSHEV,2021,9,2620.2
IFSHEV,2021,10,2620.2
IFSHEV,2021,11,2620.2
IFSHEV,2021,12,2620.2
IFSHEV,2022,1,2620.2
IFSHEV,2022,2,2620.2
IFSHEV,2022,3,2620.2
IFSHEV,2022,4,2620.2
IFSHEV,2022,5,2620.2
IFSHEV,2022,6,2620.2
IFSHEV,2022,7,2620.2
IFSHEV,2022,8,2620.2
IFSNR4,2018,3,1770.0
IFSNR4,2018,4,1770.0
IFSNR4,2018,5,1770.0
IFSNR4,2018,6,1770.0
IFSNR4,2018,7,1770.0
IFSNR4,2018,8,1770.0
IFSNR4,2018,9,1770.0
IFSNR4,2018,10,1770.0
IFSNR4,2018,11,1770.0
IFSNR4,2018,12,1770.0
IFSNR4,2019,1,1770.0
IFSNR4,2019,2,1770.0
IFSNR4,2019,3,2495.7
IFSNR4,2019,4,4620.1
IFSNR4,2019,5,5100.0
IFSNR4,2019,6,5100.0
IFSNR4,2019,7,5100.95652173913
IFSNR4,2019,8,5101.0
IFSNR4,2019,9,5101.0
IFSNR5,2018,3,1600.0
IFSNR5,2018,4,1600.0
IFSNR5,2018,5,1600.0
IFSNR5,2018,6,1600.0
IFSNR5,2018,7,1600.0
IFSNR5,2018,8,1600.0
IFSNR5,2018,9,1600.0
IFSNR5,2018,10,1600.0
IFSNR5,2018,11,1600.0
IFSNR5,2018,12,1600.0
IFSNR5,2019,1,1600.0
IFSNR5,2019,2,1600.0
IFSNR5,2019,3,2256.0
IFSNR5,2019,4,4100.0
IFSNR5,2019,5,4100.0
IFSNR5,2019,6,4100.0
IFSNR5,2019,7,4100.0
IFSNR5,2019,8,4100.0
IFSNR5,2019,9,4100.0
IFSNR5,2019,10,4100.0
IFSNR7,2018,3,5500.0
IFSNR7,2018,4,5500.0
IFSNR7,2018,5,5500.0
IFSNR7,2018,6,5500.0
IFSNR7,2018,7,5500.0
IFSNR7,2018,8,5500.0
IFSNR7,2018,9,5500.0
IFSNR7,2018,10,5500.0
IFSNR7,2018,11,5500.0
IFSNR7,2018,12,5500.0
IFSNR7,2019,1,5500.0
IFSNR7,2019,2,5500.0
IFSNR7,2019,3,5500.0
IFSNR7,2019,4,5500.0
IFSNR7,2019,5,5500.0
IFSNR7,2019,6,5500.0
IFSNR7,2019,7,5500.0
IFSNR7,2019,8,5500.0
IFSNR7,2019,9,5500.0
IFSRE,2018,3,2095.0
IFSRE,2018,4,2095.0
IFSRE,2018,5,2095.0
IFSRE,2018,6,2095.0
IFSRE,2018,7,2095.0
IFSRE,2018,8,2095.0
IFSRE,2018,9,2095.0
IFSRE,2018,10,2095.0
IFSRE,2018,11,2095.0
IFSRE,2018,12,2095.0
IFSRE,2019,1,2095.0
IFSRE,2019,2,2095.0
IFSRE,2019,3,2919.1
IFSRE,2019,4,4300.0
IFSRE,2019,5,4300.0
IFSRE,2019,6,4300.0
IFSRE,2019,7,4300.0
IFSRE,2019,8,4300.0
IFSRE,2019,9,4300.0
IFVIK,2018,3,3250.0
IFVIK,2018,4,3250.0
IFVIK,2018,5,3250.0
IFVIK,2018,6,3250.0
IFVIK,2018,7,3250.0
IFVIK,2018,8,3250.0
IFVIK,2018,9,3250.0
IFVIK,2018,10,3250.0
IFVIK,2018,11,3250.0
IFVIK,2018,12,3250.0
IFVIK,2019,1,3250.0
IFVVEL,2018,3,2459.0
IFVVEL,2018,4,2466.5
IFVVEL,2018,5,2524.95
IFVVEL,2018,6,2539.7052631578945
IFVVEL,2018,7,2535.2
IFVVEL,2018,8,2535.2
IFVVEL,2018,9,2535.2
IFVVEL,2018,10,2535.2
IFVVEL,2018,11,2535.2
IFVVEL,2018,12,2535.2
IFVVEL,2021,3,2535.2
IFVVEL,2021,4,2535.2
IFVVEL,2021,5,2535.2
IFVVEL,2021,6,2535.2
IFVVEL,2021,7,2535.2
IFVVEL,2021,8,2535.2
IFVVEL,2021,9,2535.2
IFVVEL,2021,10,2535.2
IFVVEL,2021,11,2535.2
IFVVEL,2021,12,2535.2
IFVVEL,2022,1,2535.2
IFVVEL,2022,2,2535.2
IFVVEL,2022,3,2535.2
IFVVEL,2022,4,2535.2
IFVVEL,2022,5,2535.2
IFVVEL,2022,6,2535.2
IFVVEL,2022,7,2535.2
IFVVEL,2022,8,2535.2
IFZEMA,2021,12,1050.0
IFZEMA,2022,1,1067.0
IFZEMA,2022,2,1112.9705882352941
IFZEMA,2022,3,1140.0
IFZEMA,2022,4,1140.0
IFZEMA,2022,5,1140.0
IFZEMA,2022,6,1140.0
IFZEMA,2022,7,1140.0
IFZEMA,2022,8,1140.0
INDB,2018,3,1.6
INDB,2018,4,5.320263157894736
INDB,2018,5,7.5
INDB,2018,6,7.5
INDB,2018,7,7.5
INDB,2018,8,7.5
INDB,2018,9,7.5
INDB,2018,10,7.5
INDB,2018,11,7.5
INDB,2018,12,7.5
INDB,2019,1,7.5
INDB,2019,2,7.5
INDB,2019,3,7.5
INDB,2019,4,7.5
INDB,2019,5,7.5
INDB,2019,6,7.5
INDB,2019,7,7.5
INDB,2019,8,7.5
INDB,2019,9,7.5
INDB,2019,10,7.5
INDB,2019,11,7.5
INDB,2019,12,7.5
INDB,2020,1,7.5
INDB,2020,2,7.5
INDB,2020,3,7.5
INDB,2020,4,7.5
INDB,2020,5,7.5
INDB,2020,6,7.5
INDB,2020,7,7.5
INDB,2020,8,7.5
INDB,2020,9,7.5
INDB,2020,10,7.5
INDB,2020,11,7.5
INDB,2020,12,7.5
INDB,2021,1,7.5
INDB,2021,2,7.5
INDB,2021,3,7.5
INDB,2021,4,7.5
INDB,2021,5,7.5
INDB,2021,6,7.5
INDB,2021,7,7.5
INDB,2021,8,7.5
INDB,2021,9,7.5
INDB,2021,10,7.5
INDB,2021,11,7.5
INDB,2021,12,7.5
INDB,2022,1,7.315789473684211
INDB,2022,2,3.0352941176470587
INDB,2022,3,1.3
INDB,2022,4,1.3
INDB,2022,5,1.3
INDB,2022,6,1.3
INDB,2022,7,1.3
INDB,2022,8,1.3
KER,2021,7,432.57142857142856
KER,2021,8,392.325
KER,2021,9,435.22727272727275
KER,2021,10,449.50292631578947
KER,2021,11,417.5681818181818
KER,2021,12,398.4211142857143
KER,2022,1,402.37894736842105
KER,2022,2,393.6062352941176
KER,2022,3,380.0
KER,2022,4,380.0
KER,2022,5,380.0
KER,2022,6,380.0
KER,2022,7,380.0
KER,2022,8,380.0
KMED,2018,3,18.45
KMED,2018,4,18.794736842105262
KMED,2018,5,24.759
KMED,2018,6,25.46
KMED,2018,7,25.46
KMED,2018,8,25.46
KMED,2018,9,25.46
KMED,2018,10,25.46
KMED,2018,11,25.46
KMED,2018,12,25.46
KMED,2019,1,25.46
KMED,2019,2,25.46
KMED,2019,3,25.46
KMED,2019,4,25.46
KMED,2019,5,25.459999999999997
KMED,2019,6,25.46
KMED,2019,7,25.46
KMED,2019,8,25.459999999999997
KMED,2019,9,25.459999999999997
KMED,2019,10,25.46
KMED,2019,11,25.459999999999997
KMED,2019,12,25.46
KMED,2020,1,25.46
KMED,2020,2,25.46
KMED,2020,3,25.459999999999997
KMED,2020,4,25.459999999999997
KMED,2020,5,25.46
KMED,2020,6,25.46
KMED,2020,7,25.46
KMED,2020,8,25.46
KMED,2020,9,25.46
KMED,2020,10,25.459999999999997
KMED,2020,11,25.459999999999997
KMED,2020,12,25.459999999999997
KMED,2021,1,25.46
KMED,2021,2,25.46
KMED,2021,3,25.46
KMED,2021,4,25.46
KMED,2021,5,25.46
KMED,2021,6,25.46
KMED,2021,7,25.46
KMED,2021,8,25.46
KMED,2021,9,25.46
KMED,2021,10,17.469473684210527
KMED,2021,11,16.0
KMED,2021,12,19.238095238095237
KMED,2022,1,20.0
KMED,2022,2,20.0
KMED,2022,3,20.0
KMED,2022,4,20.0
KMED,2022,5,20.0
KMED,2022,6,20.0
KMED,2022,7,20.0
KMED,2022,8,20.0
KORB,2018,3,29.1
KORB,2018,4,29.099999999999998
KORB,2018,5,29.1
KORB,2018,6,29.1
KRAZ,2018,3,0.06665000000000001
KRAZ,2018,4,0.065
KRAZ,2018,5,0.062655
KRAZ,2018,6,0.055299999999999995
KRAZ,2018,7,0.05530000000000001
KRAZ,2018,8,0.05530000000000001
KRAZ,2018,9,0.0553
KRAZ,2018,10,0.05530000000000001
KRAZ,2018,11,0.05530000000000001
KRAZ,2018,12,0.0553
KRBD,2021,10,3.0
KRBD,2021,11,3.0
KRBD,2021,12,3.0
KRBD,2022,1,3.0
KRBD,2022,2,3.0
KRBD,2022,3,3.0
KRBD,2022,4,3.0
KRBD,2022,5,3.0
KRBD,2022,6,3.0
KRBD,2022,7,3.0
KRBD,2022,8,3.0
KRDB,2018,3,0.020533333333333334
KREN,2018,3,0.49139999999999995
KREN,2018,4,0.5708421052631579
KREN,2018,5,0.639185
KREN,2018,6,0.7214947368421052
KREN,2018,7,0.73
KREN,2018,8,0.73
KREN,2018,9,0.73
KREN,2018,10,0.73
KRES01,2018,3,113.26399999999998
KRES01,2018,4,113.26400000000001
KRES01,2018,5,113.26399999999998
KRES01,2018,6,113.26400000000001
KRES01,2018,7,113.264
KRES01,2018,8,113.264
KRES01,2018,9,113.26399999999998
KRES01,2018,10,113.264
KRES01,2018,11,113.264
KRES01,2018,12,113.264
KRES01,2019,1,113.26399999999998
KRES01,2019,2,113.26399999999998
KRES01,2019,3,113.26399999999998
KRES01,2019,4,113.26399999999998
KRES01,2019,5,113.264
KRES01,2019,6,113.264
KRES01,2019,7,113.26400000000001
KRES01,2019,8,113.264
KRES01,2019,9,113.264
KRES01,2019,10,113.264
KRES01,2019,11,113.264
KRES01,2019,12,113.26400000000001
KRES01,2020,1,113.26400000000001
KRES01,2020,2,113.264
KRES01,2020,4,113.264
KRES01,2020,5,113.26400000000001
KRES01,2020,6,113.26399999999998
KRES01,2020,7,113.26400000000001
KRES01,2020,8,113.26399999999998
KRES01,2020,9,113.264
KRES01,2020,10,113.264
KRES01,2020,11,113.264
KRES01,2020,12,113.264
KRES01,2021,1,113.26399999999998
KRGZ,2018,3,1.25
KRGZ,2018,4,1.25
KRGZ,2018,5,1.25
KRGZ,2018,6,1.25
KRGZ,2018,7,1.25
KRGZ,2018,8,1.25
KRGZ,2018,9,1.25
KRGZ,2018,10,1.25
KRGZ,2018,11,1.25
KRGZ,2018,12,1.25
KSTL,2018,3,4.5
KSTL,2018,4,4.5
KSTL,2018,5,4.4
KSTL,2018,6,4.299473684210526
KSTL,2018,7,4.21
KSTL,2018,8,4.21
KSTL,2018,9,4.21
KSTL,2018,10,4.21
KSTL,2018,11,4.21
KSTL,2018,12,4.21
KSTL,2019,1,4.21
KSTL,2019,2,4.21
KSTL,2019,3,4.21
KSTL,2019,4,4.21
KSTL,2019,5,4.21
KSTL,2019,6,4.21
KSTL,2019,7,4.21
KSTL,2019,8,4.21
KSTL,2019,9,4.21
KSTL,2019,10,4.21
KSTL,2019,11,4.21
KSTL,2019,12,4.21
KSTL,2020,1,4.21
KSTL,2020,2,4.21
KSTL,2020,3,4.21
KSTL,2020,4,4.21
KSTL,2020,5,4.21
KSTL,2020,6,4.21
KSTL,2020,7,4.21
KSTL,2020,8,4.21
KSTL,2020,9,4.21
KSTL,2020,10,4.21
KSTL,2020,11,4.21
KSTL,2020,12,4.21
KSTL,2021,1,4.21
KSTL,2021,2,4.21
KSTL,2021,3,4.21
KSTL,2021,4,4.281818181818182
KSTL,2021,5,5.0
KSTL,2021,6,5.0
KSTL,2021,7,5.0
KSTL,2021,8,5.0
KSTL,2021,9,5.0
KSTL,2021,10,5.0
KSTL,2021,11,5.0
KSTL,2021,12,5.0
KSTL,2022,1,5.0
KSTL,2022,2,5.0
KSTL,2022,3,5.0
KSTL,2022,4,5.0
KSTL,2022,5,5.0
KSTL,2022,6,5.0
KSTL,2022,7,5.0
KSTL,2022,8,5.0
KUBI,2018,3,59.362649999999995
KUBI,2018,4,63.16197368421053
KUBI,2018,5,66.000955
KUBI,2018,6,56.80684210526315
KUBI,2018,7,52.0
KUBI,2018,8,52.0
KUBI,2018,9,52.0
KUBI,2018,10,52.0
KUBI,2018,11,52.0
KUBI,2018,12,52.0
KUBI,2019,1,52.0
KUBI,2019,2,52.0
KUBI,2019,3,57.04
KUBI,2019,4,68.643
KUBI,2019,5,68.51
KUBI,2019,6,68.51
KUBI,2019,7,68.51
KUBI,2019,8,64.6647619047619
KUBI,2019,9,64.26
KUBI,2019,10,64.26
KUBI,2019,11,63.92800000000001
KVBZ,2018,3,13.051400000000001
KVBZ,2018,4,12.521215789473684
KVBZ,2018,5,12.062225
KVBZ,2018,6,11.324536842105264
KVBZ,2018,7,11.5
KVBZ,2018,8,11.5
KVBZ,2018,9,11.5
KVBZ,2018,10,11.5
KVBZ,2018,11,11.5
KVBZ,2018,12,11.5
KVBZ,2019,1,11.5
KVBZ,2019,2,11.5
KVBZ,2019,3,11.5
KVBZ,2019,4,11.5
KVBZ,2019,5,11.5
KVBZ,2019,6,11.36111111111111
KVBZ,2019,7,11.0
KVBZ,2019,8,11.0
KVBZ,2019,9,11.0
KVBZ,2019,10,13.727272727272727
KVBZ,2019,11,13.142857142857142
KVBZ,2019,12,12.0
KVBZ,2020,1,15.157894736842104
KVBZ,2020,2,22.151429999999998
KVBZ,2020,3,22.682995238095238
KVBZ,2020,4,18.930157142857144
KVBZ,2020,5,16.5
KVBZ,2020,6,17.384999999999998
KVBZ,2020,7,17.717391304347824
KVBZ,2020,8,18.0925
KVBZ,2020,9,16.55
KVBZ,2020,10,16.969047619047622
KVBZ,2020,11,18.333333333333332
KVBZ,2020,12,18.0
KVBZ,2021,1,18.644444444444446
KVBZ,2021,2,19.8
KVBZ,2021,3,20.0
KVBZ,2021,4,17.611013636363637
KVBZ,2021,5,17.15277777777778
KVBZ,2021,6,17.14
KVBZ,2021,7,19.89090909090909
KVBZ,2021,8,19.942500000000003
KVBZ,2021,9,19.331818181818182
KVBZ,2021,10,22.13157894736842
KVBZ,2021,11,19.522727272727273
KVBZ,2021,12,16.982685714285715
KVBZ,2022,1,19.010526315789473
KVBZ,2022,2,20.82
KVBZ,2022,3,24.5
KVBZ,2022,4,24.5
KVBZ,2022,5,24.5
KVBZ,2022,6,24.5
KVBZ,2022,7,24.5
KVBZ,2022,8,24.5
KVPR,2018,3,3.5
KVPR,2018,4,3.5052631578947366
KVPR,2018,5,3.5
KVPR,2018,6,3.5
KVPR,2018,7,3.5
KVPR,2018,8,3.5
KVPR,2018,9,3.5
KVPR,2018,10,3.5
KVPR,2018,11,3.5
KVPR,2018,12,3.5
KVPR,2019,1,3.5
KVPR,2019,2,3.5
KVPR,2019,3,3.5
KVPR,2019,4,3.5
KVPR,2019,5,3.5
KVPR,2019,6,3.5
KVPR,2019,7,3.5
KVPR,2019,8,3.5
KVPR,2019,9,3.5
KVPR,2019,10,3.5
KVPR,2019,11,3.5
KVPR,2019,12,3.5
KVPR,2020,1,3.5
KVPR,2020,2,3.5
KVPR,2020,3,3.5
KVPR,2020,4,3.5
KVPR,2020,5,3.5
KVPR,2020,6,3.5
KVPR,2020,7,3.5
KVPR,2020,8,3.5
KVPR,2020,9,3.5
KVPR,2020,10,3.5
KVPR,2020,11,3.5
KVPR,2020,12,3.5
KVPR,2021,1,3.5
KVPR,2021,2,3.5
KVPR,2021,3,3.5
KVPR,2021,4,3.5
KVPR,2021,5,3.5
KVPR,2021,6,3.5
KVPR,2021,7,3.5
KVPR,2021,8,3.5
KVPR,2021,9,3.5
KVPR,2021,10,3.5
KVPR,2021,11,3.5
KVPR,2021,12,3.5
KVPR,2022,1,3.5
KVPR,2022,2,3.5
KVPR,2022,3,3.5
KVPR,2022,4,3.5
KVPR,2022,5,3.5
KVPR,2022,6,3.5
KVPR,2022,7,3.5
KVPR,2022,8,3.5
KYAN,2018,3,1.124
KYAN,2018,4,1.124
KYAN,2018,5,1.124
KYAN,2018,6,1.124
KYAN,2018,7,1.124
KYAN,2018,8,1.124
KYAN,2018,9,1.124
KYAN,2018,10,1.124
KYAN,2018,11,1.124
KYAN,2018,12,1.124
KYAN,2019,1,1.124
KYAN,2019,2,1.124
KYAN,2019,3,1.124
LTPL,2018,3,0.45980499999999996
LTPL,2018,4,0.4
LTPL,2018,5,0.4
LTPL,2018,6,0.4
LTPL,2018,7,0.4
LTPL,2018,8,0.4
LTPL,2018,9,0.4
LTPL,2018,10,0.4
LTPL,2018,11,0.4
LTPL,2018,12,0.4
LTPL,2019,1,0.4
LTPL,2019,2,0.4
LTPL,2019,3,0.4
LTPL,2019,4,0.4
LTPL,2019,5,0.4
LTPL,2019,6,0.4
LUAZ,2018,3,0.012559999999999998
LUAZ,2018,4,0.012700000000000001
LUAZ,2018,5,0.01284
LUAZ,2018,6,0.013331578947368422
LUAZ,2018,7,0.0135
LUAZ,2018,8,0.0135
LUAZ,2018,9,0.013500000000000002
LUAZ,2018,10,0.0135
LUAZ,2018,11,0.0135
LUAZ,2018,12,0.0135
LUAZ,2019,1,0.013500000000000002
LUAZ,2019,2,0.013500000000000002
LUAZ,2019,3,0.0135
MEGA,2018,3,1.032
MEGA,2018,4,1.032
MEGA,2018,5,1.032
MEGA,2018,6,1.032
MEGA,2018,7,1.032
MEGA,2018,8,1.032
MEGA,2018,9,1.032
MEGA,2018,10,1.032
MEGA,2018,11,1.032
MEGA,2018,12,1.032
MEGA,2019,1,1.032
MEGA,2019,2,1.032
MEGA,2019,3,1.032
MEGA,2019,4,1.032
MEGA,2019,5,1.032
MEGA,2019,6,1.032
MEGA,2019,7,1.032
MEGA,2019,8,1.032
MEGA,2019,9,1.032
MEGA,2019,10,1.032
MEGA,2019,11,1.032
MEGA,2019,12,1.032
MEGA,2020,1,1.032
MEGA,2020,2,1.032
MEGA,2020,3,1.032
MEGA,2020,4,1.032
MEGA,2020,5,1.032
MEGA,2020,6,1.032
MEGA,2020,7,1.032
MEGA,2020,8,1.032
MEGA,2020,9,1.032
MEGA,2020,10,1.032
MEGA,2020,11,1.032
MEGA,2020,12,1.032
MEGA,2021,1,1.032
MEGA,2021,2,1.032
MEGA,2021,3,1.032
MEGA,2021,4,1.032
MEGA,2021,5,1.032
MEGA,2021,6,1.032
MEGA,2021,7,1.032
MEGA,2021,8,1.032
MGZC,2018,3,0.421
MGZC,2018,4,0.421
MGZC,2018,5,0.421
MGZC,2018,6,0.421
MGZC,2018,7,0.42100000000000004
MGZC,2018,8,0.42100000000000004
MGZC,2018,9,0.421
MGZC,2018,10,0.42100000000000004
MGZC,2018,11,0.42100000000000004
MGZC,2018,12,0.421
MGZC,2019,1,0.421
MGZC,2019,2,0.421
MGZC,2019,3,0.42100000000000004
MHPC,2018,3,372.586255
MHPC,2018,4,356.2215789473684
MHPC,2018,5,362.325
MHPC,2018,6,342.69473684210527
MHPC,2018,7,340.0
MHPC,2018,8,340.0
MHPC,2018,9,340.0
MHPC,2018,10,340.0
MHPC,2018,11,340.0
MHPC,2018,12,340.0
MHPC,2019,1,340.0
MHPC,2019,2,340.0
MHPC,2019,3,305.0
MHPC,2019,4,295.0
MHPC,2019,5,297.85714285714283
MHPC,2019,6,290.0
MHPC,2019,7,279.7826086956522
MHPC,2019,8,263.57142857142856
MHPC,2019,9,234.52380952380952
MHPC,2019,10,233.63636363636363
MHPC,2019,11,230.14285714285714
MHPC,2019,12,238.94736842105263
MHPC,2020,1,235.47894736842107
MHPC,2020,2,236.42525
MHPC,2020,3,210.92982380952384
MHPC,2020,4,224.0
MHPC,2020,5,203.94736842105263
MHPC,2020,6,171.268765
MHPC,2020,7,181.30217391304348
MHPC,2020,8,181.73250000000002
MHPC,2020,9,175.38363636363636
MHPC,2020,10,173.52484761904762
MHPC,2020,11,174.76190476190476
MHPC,2020,12,176.8031761904762
MHPC,2021,1,186.71297222222222
MHPC,2021,2,195.01086500000002
MHPC,2021,3,177.06689090909092
MHPC,2021,4,163.80659090909091
MHPC,2021,5,154.28703888888887
MHPC,2021,6,159.98949499999998
MHPC,2021,7,165.95615
MHPC,2021,8,165.275
MHPC,2021,9,185.31740454545454
MHPC,2021,10,215.47368421052633
MHPC,2021,11,212.12740454545454
MHPC,2021,12,190.14761904761903
MHPC,2022,1,190.1
MHPC,2022,2,188.40380588235294
MHPC,2022,3,183.0
MHPC,2022,4,183.0
MHPC,2022,5,183.0
MHPC,2022,6,183.0
MHPC,2022,7,183.0
MHPC,2022,8,183.0
MMKI,2018,3,0.15910714285714286
MOEN,2018,3,3.1108350000000002
MOEN,2018,4,2.0
MOEN,2018,5,2.45
MOEN,2018,6,2.5
MOEN,2018,7,2.5
MOEN,2018,8,2.5
MOEN,2018,9,2.5
MOEN,2018,10,2.5
MOEN,2018,11,2.5
MOEN,2018,12,2.5
MOEN,2019,1,2.5
MOEN,2019,2,2.5
MOEN,2019,3,2.5
MOEN,2019,4,2.5
MOEN,2019,5,2.5
MOEN,2019,6,2.5
MOEN,2019,7,2.5
MOEN,2019,8,2.5
MOEN,2019,9,2.5
MOEN,2019,10,2.5
MOEN,2019,11,2.5
MOEN,2019,12,2.5
MOEN,2020,1,2.5
MOEN,2020,2,2.5
MOEN,2020,3,4.283333333333333
MOEN,2020,4,4.4
MOEN,2020,5,4.4
MOEN,2020,6,4.397
MOEN,2020,7,4.4
MOEN,2020,8,4.4
MOEN,2020,9,4.4
MOEN,2020,10,4.4
MOEN,2020,11,4.4
MOEN,2020,12,4.4
MOEN,2021,1,4.416666666666667
MOEN,2021,2,4.4
MOEN,2021,3,4.4
MOEN,2021,4,4.4
MOEN,2021,5,5.433333333333334
MOEN,2021,6,5.3870000000000005
MOEN,2021,7,3.7
MOEN,2021,8,3.7
MOEN,2021,9,3.7
MOEN,2021,10,3.6999999999999997
MOEN,2021,11,3.7
MOEN,2021,12,4.390476190476191
MOEN,2022,1,5.848947368421053
MOEN,2022,2,6.0
MOEN,2022,3,6.0
MOEN,2022,4,6.0
MOEN,2022,5,6.0
MOEN,2022,6,6.0
MOEN,2022,7,6.0
MOEN,2022,8,6.0
MSFT,2021,4,7543.571428571428
MSFT,2021,5,7147.833333333333
MSFT,2021,6,7205.8
MSFT,2021,7,7902.681818181818
MSFT,2021,8,8077.0
MSFT,2021,9,8077.0
MSFT,2021,10,8077.0
MSFT,2021,11,8077.0
MSFT,2021,12,8077.0
MSFT,2022,1,8077.0
MSFT,2022,2,8077.0
MSFT,2022,3,8077.0
MSFT,2022,4,8077.0
MSFT,2022,5,8077.0
MSFT,2022,6,8077.0
MSFT,2022,7,8077.0
MSFT,2022,8,8077.0
MSICH,2018,3,4700.130265
MSICH,2018,4,5353.8421052631575
MSICH,2018,5,5469.0
MSICH,2018,6,5469.0
MSICH,2018,7,5469.0
MSICH,2018,8,5469.0
MSICH,2018,9,5469.0
MSICH,2018,10,5469.0
MSICH,2018,11,5469.0
MSICH,2018,12,5469.0
MSICH,2019,1,5469.0
MSICH,2019,2,5469.0
MSICH,2019,3,5469.0
MSICH,2019,4,5469.0
MSICH,2019,5,5469.0
MSICH,2019,6,5469.0
MSICH,2019,7,5469.0
MSICH,2019,8,5469.0
MSICH,2019,9,5469.0
MSICH,2019,10,5469.0
MSICH,2019,11,5469.0
MSICH,2019,12,5469.0
MSICH,2020,1,5469.0
MSICH,2020,2,5469.0
MSICH,2020,3,5469.0
MSICH,2020,4,5469.0
MSICH,2020,5,5469.0
MSICH,2020,6,5469.0
MSICH,2020,7,5469.0
MSICH,2020,8,5469.0
MSICH,2020,9,5469.0
MSICH,2020,10,5469.0
MSICH,2020,11,5469.0
MSICH,2020,12,5469.0
MSICH,2021,1,5469.0
MSICH,2021,2,5469.0
MSICH,2021,3,5469.0
MSICH,2021,4,5469.0
MSICH,2021,5,5469.0
MSICH,2021,6,5469.0
MSICH,2021,7,5469.0
MSICH,2021,8,5469.0
MSICH,2021,9,5469.0
MSICH,2021,10,5469.0
MSICH,2021,11,5469.0
MSICH,2021,12,5469.0
MSICH,2022,1,5469.0
MSICH,2022,2,5469.0
MSICH,2022,3,5469.0
MSICH,2022,4,5469.0
MSICH,2022,5,5469.0
MSICH,2022,6,5469.0
MSICH,2022,7,5469.0
MSICH,2022,8,5469.0
MSICHA,2018,3,28927000.5
MYRON,2018,3,0.021
MYRON,2018,4,0.023842105263157897
MYRON,2018,5,0.027000000000000003
MYRON,2018,6,0.027
MYRON,2018,7,0.027
MYRON,2018,8,0.027
MYRON,2018,9,0.027000000000000003
MYRON,2018,10,0.027
MYRON,2018,11,0.027
MYRON,2018,12,0.027
MYRON,2019,1,0.027000000000000003
MYRON,2019,2,0.027000000000000003
MYRON,2019,3,0.027
NDGD,2018,3,0.0229
NDGD,2018,4,0.0229
NDGD,2018,5,0.0229
NDGD,2018,6,0.0229
NDGD,2018,7,0.0229
NDGD,2018,8,0.0229
NDGD,2018,9,0.0229
NDGD,2018,10,0.0229
NDGD,2018,11,0.0229
NDGD,2018,12,0.0229
NDGD,2019,1,0.0229
NDGD,2019,2,0.0229
NDGD,2019,3,0.0229
NDGD,2019,4,0.0229
NDGD,2019,5,0.0229
NDGD,2019,6,0.0229
NDGD,2019,7,0.022900000000000004
NDGD,2019,8,0.0229
NDGD,2019,9,0.0229
NDGD,2019,10,0.0229
NDUA01,2018,3,20029.64
NDUA01,2018,4,100000.0
NDUA01,2018,5,100000.0
NDUA01,2018,6,100000.0
NDUA01,2018,7,100000.0
NDUA01,2018,8,100000.0
NDUA01,2018,9,100000.0
NDUA01,2018,10,100000.0
NDUA01,2018,11,100000.0
NDUA01,2018,12,100000.0
NDUA01,2019,1,100000.0
NDUA01,2019,2,100000.0
NDUA01,2019,3,100000.0
NDUA01,2019,4,100000.0
NDUA01,2019,5,100000.0
NDUA01,2019,6,100000.0
NDUA01,2019,7,100000.0
NDUA01,2019,8,100000.0
NDUA01,2019,9,100000.0
NDUA01,2019,10,100000.0
NDUA01,2019,11,100000.0
NDUA01,2019,12,100000.0
NDUA01,2020,1,100000.0
NDUA01,2020,2,100000.0
NDUA01,2020,3,100000.0
NDUA01,2020,4,100000.0
NDUA01,2020,5,100000.0
NDUA01,2020,6,100000.0
NDUA01,2020,7,100000.0
NDUA01,2020,8,100000.0
NDUA01,2020,9,100000.0
NDUA01,2020,10,100000.0
NDUA01,2020,11,100000.0
NDUA01,2020,12,100000.0
NDUA01,2021,1,100000.0
NFLX,2021,4,15535.5
NFLX,2021,5,14367.611111111111
NFLX,2021,6,14034.5
NFLX,2021,7,15038.954545454546
NFLX,2021,8,14798.45
NFLX,2021,9,14805.0
NFLX,2021,10,16350.526315789473
NFLX,2021,11,18886.363636363636
NFLX,2021,12,18357.14285714286
NFLX,2022,1,18000.0
NFLX,2022,2,18000.0
NFLX,2022,3,18000.0
NFLX,2022,4,18000.0
NFLX,2022,5,18000.0
NFLX,2022,6,18000.0
NFLX,2022,7,18000.0
NFLX,2022,8,18000.0
NITR,2018,3,0.67
NITR,2018,4,0.8594736842105263
NITR,2018,5,0.6719999999999999
NITR,2018,6,0.7057894736842105
NITR,2018,7,0.7
NITR,2018,8,0.7
NITR,2018,9,0.7
NITR,2018,10,0.7
NITR,2018,11,0.7
NITR,2018,12,0.7
NITR,2019,1,0.7
NITR,2019,2,0.7
NITR,2019,3,0.7
NITR,2019,4,0.7
NITR,2019,5,0.7
NITR,2019,6,0.7
NITR,2019,7,1.0
NITR,2019,8,1.2619047619047619
NITR,2019,9,1.5
NITR,2019,10,1.5
NITR,2019,11,1.5
NITR,2019,12,1.5
NITR,2020,1,1.5
NITR,2020,2,1.5
NITR,2020,3,1.5
NITR,2020,4,1.5
NITR,2020,5,1.5
NITR,2020,6,1.5
NITR,2020,7,1.5
NITR,2020,8,1.5
NITR,2020,9,1.5
NITR,2020,10,1.5476190476190477
NITR,2020,11,2.0
NITR,2020,12,2.0
NITR,2021,1,2.0
NITR,2021,2,2.0
NITR,2021,3,2.0
NITR,2021,4,2.0
NITR,2021,5,2.0
NITR,2021,6,2.0
NITR,2021,7,2.0
NITR,2021,8,2.0
NITR,2021,9,2.0
NITR,2021,10,2.473684210526316
NITR,2021,11,3.0
NITR,2021,12,3.0
NITR,2022,1,3.0
NITR,2022,2,3.0
NITR,2022,3,3.0
NITR,2022,4,3.0
NITR,2022,5,3.0
NITR,2022,6,3.0
NITR,2022,7,3.0
NITR,2022,8,3.0
NORD,2018,3,48.0
NORD,2018,4,48.0
NORD,2018,5,48.0
NORD,2018,6,48.0
NORD,2018,7,48.0
NORD,2018,8,48.0
NORD,2018,9,48.0
NORD,2018,10,48.0
NORD,2018,11,48.0
NORD,2018,12,48.0
NORD,2019,1,48.0
NORD,2019,2,48.0
NORD,2019,3,48.0
NVTR,2018,3,0.595
NVTR,2018,4,0.5743421052631579
NVTR,2018,5,0.46623000000000003
NVTR,2018,6,0.6347947368421053
NVTR,2018,7,0.6898
NVTR,2018,8,0.6898
NVTR,2018,9,0.6898
NVTR,2018,10,0.6898
NVTR,2018,11,0.6898
NVTR,2018,12,0.6898
NVTR,2019,1,0.6898
NVTR,2019,2,0.6898
NVTR,2019,3,0.6898
NVTR,2019,4,0.6898
NVTR,2019,5,0.6898
NVTR,2019,6,0.6898
NVTR,2019,7,0.6898
NVTR,2019,8,0.607
NVTR,2019,9,0.4
NVTR,2019,10,0.4
NVTR,2019,11,0.4
NVTR,2019,12,0.4
NVTR,2020,1,0.4
NVTR,2020,2,0.4
NVTR,2020,3,0.4
NVTR,2020,4,0.4
NVTR,2020,5,0.4
NVTR,2020,6,0.4
NVTR,2020,7,0.4
NVTR,2020,8,0.4
NVTR,2020,9,0.4
NVTR,2020,10,0.4
NVTR,2020,11,0.4
NVTR,2020,12,0.4
NVTR,2021,1,0.4
NVTR,2021,2,0.4
NVTR,2021,3,0.4
NVTR,2021,4,0.46
NVTR,2021,5,0.51
NVTR,2021,6,0.51
NVTR,2021,7,0.51
NVTR,2021,8,0.51
NVTR,2021,9,0.51
NVTR,2021,10,0.45631578947368423
NVTR,2021,11,0.45
NVTR,2021,12,0.45000000000000007
NVTR,2022,1,0.45
NVTR,2022,2,0.45
NVTR,2022,3,0.45
NVTR,2022,4,0.45000000000000007
NVTR,2022,5,0.45
NVTR,2022,6,0.45
NVTR,2022,7,0.45000000000000007
NVTR,2022,8,0.45
OCAB,2018,3,0.9400000000000001
OCAB,2018,4,1.0
OCAB,2018,5,1.0
OCAB,2018,6,1.0
OCAB,2018,7,1.0
OCAB,2018,8,1.0
OCAB,2018,9,1.0
OCAB,2018,10,1.0
OCAB,2018,11,1.0
OCAB,2018,12,1.0
OCAB,2019,1,1.0
OCAB,2019,2,1.0
OCAB,2019,3,1.0
OCAB,2019,4,1.0
OCAB,2019,5,1.0
OCAB,2019,6,1.0
OCAB,2019,7,1.0
OCAB,2019,8,1.0
OCAB,2019,9,1.0
OCAB,2019,10,1.0
OCAB,2019,11,1.0
OCAB,2019,12,1.0
OCAB,2020,1,1.0
OCAB,2020,2,1.0
OCAB,2020,3,1.0
OCAB,2020,4,1.0
OCAB,2020,5,1.0
OCAB,2020,6,1.0
OCAB,2020,7,1.0
OCAB,2020,8,1.0
OCAB,2020,9,1.0
OCAB,2020,10,1.0
OCAB,2020,11,1.0
OCAB,2020,12,1.0
OCAB,2021,1,1.0
OCAB,2021,2,1.0
OCAB,2021,3,1.0
OCAB,2021,4,1.0
OCAB,2021,5,1.0
OCAB,2021,6,1.0
OCAB,2021,7,1.0
OCAB,2021,8,1.0
OCAB,2021,9,1.0
OCAB,2021,10,1.0
OCAB,2021,11,1.0
OCAB,2021,12,1.0
OCAB,2022,1,1.0
OCAB,2022,2,1.0
OCAB,2022,3,1.0
OCAB,2022,4,1.0
OCAB,2022,5,1.0
OCAB,2022,6,1.0
OCAB,2022,7,1.0
OCAB,2022,8,1.0
ODEN,2018,3,1.15215
ODEN,2018,4,1.197757894736842
ODEN,2018,5,1.3450199999999999
ODEN,2018,6,1.2867368421052632
ODEN,2018,7,1.25
ODEN,2018,8,1.25
ODEN,2018,9,1.25
ODEN,2018,10,1.25
ODEN,2018,11,1.25
ODEN,2018,12,1.25
ODEN,2019,1,1.25
ODEN,2019,2,1.25
ODEN,2019,3,1.625
ODEN,2019,4,1.875
ODEN,2019,5,1.875
ODEN,2019,6,1.875
ODEN,2019,7,1.875
PAAZ,2018,3,2.7
PAAZ,2018,4,2.7
PAAZ,2018,5,2.7
PAAZ,2018,6,2.7
PAAZ,2018,7,2.7
PAAZ,2018,8,2.7
PAAZ,2018,9,2.7
PAAZ,2018,10,2.7
PAAZ,2018,11,2.7
PAAZ,2018,12,2.7
PFTS,2018,3,1500.0
PFTS,2018,4,1442.1052631578948
PFTS,2018,5,1400.0
PFTS,2018,6,1400.0
PFTS,2018,7,1400.0
PFTS,2018,8,1400.0
PFTS,2018,9,1400.0
PFTS,2018,10,1400.0
PPRD,2018,3,628.0
PPRD,2018,4,628.0
PPRD,2018,5,628.0
PPRD,2018,6,628.0
PPRD,2018,7,628.0
PPRD,2018,8,628.0
PPRD,2018,9,628.0
PPRD,2018,10,628.0
PPRD,2018,11,628.0
PPRD,2018,12,628.0
PPRD,2019,1,628.0
PPRD,2019,2,628.0
PPRD,2019,3,628.0
PPRD,2019,4,628.0
PPRD,2019,5,628.0
PPRD,2019,6,628.0
PPRD,2019,7,628.0
PPRD,2019,8,628.0
PPRD,2019,9,628.0
PPRD,2019,10,628.0
PPRD,2019,11,628.0
PPRD,2019,12,628.0
PPRD,2020,1,628.0
PPRD,2020,2,628.0
PPRD,2020,3,628.0
PPRD,2020,4,628.0
PPRD,2020,5,628.0
PPRD,2020,6,628.0
PPRD,2020,7,628.0
PPRD,2020,8,628.0
PPRD,2020,9,628.0
PPRD,2020,10,628.0
PPRD,2020,11,628.0
PPRD,2020,12,628.0
PPRD,2021,1,628.0
PPRD,2021,2,628.0
PPRD,2021,3,628.0
PPRD,2021,4,628.0
PPRD,2021,5,628.0
PPRD,2021,6,628.0
PPRD,2021,7,628.0
PPRD,2021,8,628.0
PPRD,2021,9,628.0
PPRD,2021,10,628.0
PPRD,2021,11,628.0
PPRD,2021,12,628.0
PPRD,2022,1,628.0
PPRD,2022,2,628.0
PPRD,2022,3,628.0
PPRD,2022,4,628.0
PPRD,2022,5,628.0
PPRD,2022,6,628.0
PPRD,2022,7,628.0
PPRD,2022,8,628.0
PREP,2021,12,2.0
ROKF,2018,3,1.0063
ROKF,2018,4,1.0063
ROKF,2018,5,1.0063
ROKF,2018,6,1.0063
ROKF,2018,7,1.0063
ROKF,2018,8,1.0063
ROKF,2018,9,1.0063
ROKF,2018,10,1.0063
ROKF,2018,11,1.0063
ROKF,2018,12,1.0063
ROKF,2019,1,1.0063
ROKF,2019,2,1.0063
ROKF,2019,3,1.0063
RTGR,2018,3,40.0
RTGR,2018,4,40.0
RTGR,2018,5,40.0
SATL,2018,3,0.25
SATL,2018,4,0.25
SATL,2018,5,0.25
SATL,2018,6,0.25
SATL,2018,7,0.25
SATL,2018,8,0.25
SATL,2018,9,0.25
SATL,2018,10,0.25
SATL,2018,11,0.25
SATL,2018,12,0.25
SATL,2019,1,0.25
SATL,2019,2,0.25
SATL,2019,3,0.25
SELM,2018,3,10.065
SELM,2018,4,10.1
SELM,2018,5,10.045
SELM,2018,6,10.0
SELM,2018,7,10.0
SELM,2018,8,10.0
SELM,2018,9,10.0
SELM,2018,10,10.0
SELM,2018,11,10.0
SELM,2018,12,10.0
SELM,2019,1,10.0
SELM,2019,2,10.0
SELM,2019,3,10.0
SHCHZ,2018,3,0.40545
SHCHZ,2018,4,0.5335263157894737
SHCHZ,2018,5,0.82622
SHCHZ,2018,6,0.6710526315789473
SHCHZ,2018,7,0.5
SHCHZ,2018,8,0.5
SHCHZ,2018,9,0.5
SHCHZ,2018,10,0.5
SHCHZ,2018,11,0.5
SHCHZ,2018,12,0.5
SHCHZ,2019,1,0.5
SHCHZ,2019,2,0.5
SHCHZ,2019,3,0.5
SHCHZ,2019,4,0.5
SHCHZ,2019,5,0.5
SHCHZ,2019,6,0.5
SHCHZ,2019,7,0.5
SHCHZ,2019,8,0.5
SHCHZ,2019,9,0.5
SHCHZ,2019,10,0.5
SHCHZ,2019,11,0.5
SHCHZ,2019,12,0.5
SHCHZ,2020,1,0.5
SHCHZ,2020,2,0.5
SHCHZ,2020,3,0.5
SHCHZ,2020,4,0.5
SHCHZ,2020,5,0.5
SHCHZ,2020,6,0.5
SHCHZ,2020,7,0.5
SHCHZ,2020,8,0.5
SHCHZ,2020,9,0.7654545454545455
SHCHZ,2020,10,2.0238095238095237
SHCHZ,2020,11,3.019047619047619
SHCHZ,2020,12,4.614285714285715
SHCHZ,2021,1,13.95
SHCHZ,2021,2,15.885499999999999
SHCHZ,2021,3,13.409090909090908
SHCHZ,2021,4,12.5
SHCHZ,2021,5,12.0
SHCHZ,2021,6,12.0
SHCHZ,2021,7,12.0
SHCHZ,2021,8,12.0
SKUN,2018,3,0.35
SKUN,2018,4,0.35
SKUN,2018,5,0.35
SKUN,2018,6,0.35
SKUN,2018,7,0.35
SKUN,2018,8,0.35
SKUN,2018,9,0.35
SKUN,2018,10,0.35
SKUN,2018,11,0.35
SKUN,2018,12,0.35
SKUN,2019,1,0.35
SKUN,2019,2,0.35
SKUN,2019,3,0.35
SKUN,2019,4,0.35
SKUN,2019,5,0.35
SKUN,2019,6,0.35
SKUN,2019,7,0.35
SKUN,2019,8,0.35
SKUN,2019,9,0.35
SKUN,2019,10,0.35
SKUN,2019,11,0.35
SKUN,2019,12,0.35
SLVT,2018,3,1.2
SLVT,2018,4,1.2
SLVT,2018,5,1.2
SLVT,2018,6,1.2
SLVT,2018,7,1.2
SLVT,2018,8,1.2
SLVT,2018,9,1.2
SLVT,2018,10,1.2
SLVT,2018,11,1.2
SLVT,2018,12,1.2
SLVT,2019,1,1.2
SMASH,2018,3,2.6695
SMASH,2018,4,2.735578947368421
SMASH,2018,5,2.75685
SMASH,2018,6,2.5419473684210523
SMASH,2018,7,2.5
SMASH,2018,8,2.5
SMASH,2018,9,2.5
SMASH,2018,10,2.5
SMASH,2018,11,2.5
SMASH,2018,12,2.5
SMASH,2019,1,2.5
SMASH,2019,2,2.5
SMASH,2019,3,2.5
SMEN,2018,3,1.75
SMEN,2018,4,2.0
SMEN,2018,5,2.475
SMEN,2018,6,2.4526315789473685
SMEN,2018,7,2.45
SMEN,2018,8,2.45
SMEN,2018,9,2.45
SMEN,2018,10,2.45
SMEN,2018,11,2.45
SMEN,2018,12,2.45
SNEM,2018,3,20.0
SNEM,2018,4,19.36842105263158
SNEM,2018,5,8.695
SNEM,2018,6,7.0
SNEM,2018,7,7.0
SNEM,2018,8,7.0
SNEM,2018,9,7.0
SNEM,2018,10,7.0
SNEM,2018,11,7.0
SNEM,2018,12,7.0
SNEM,2019,1,7.0
SNEM,2019,2,7.0
SNEM,2019,3,7.0
SNEM,2019,4,7.0
SNEM,2019,5,7.0
SNEM,2019,6,7.0
SNEM,2019,7,7.0
SNEM,2019,8,7.0
SNEM,2019,9,7.0
SNEM,2019,10,7.0
SNEM,2019,11,7.0
SNEM,2019,12,7.0
SNEM,2020,1,7.0
SNEM,2020,2,7.0
SNEM,2020,3,7.0
SNEM,2020,4,7.0
SNEM,2020,5,7.0
SNEM,2020,6,7.0
SNEM,2020,7,7.0
SNEM,2020,8,7.0
SNEM,2020,9,7.0
SNEM,2020,10,7.0
SNEM,2020,11,7.0
SNEM,2020,12,7.0
SNEM,2021,1,7.0
SNEM,2021,2,7.0
SNEM,2021,3,7.0
SNEM,2021,4,7.0
SNEM,2021,5,7.0
SNEM,2021,6,7.0
SNEM,2021,7,7.0
SNEM,2021,8,7.0
SNEM,2021,9,7.0
SNEM,2021,10,7.0
SNEM,2021,11,7.0
SNEM,2021,12,7.0
SNEM,2022,1,7.0
SNEM,2022,2,6.997058823529412
SNEM,2022,3,6.9
SNEM,2022,4,6.9
SNEM,2022,5,6.9
SNEM,2022,6,6.9
SNEM,2022,7,6.9
SNEM,2022,8,6.9
SORN,2018,3,1.45
SORN,2018,4,1.6289
SORN,2018,5,1.89749
SORN,2018,6,2.0
SORN,2018,7,2.0
SORN,2018,8,2.0
SORN,2018,9,2.0
SORN,2018,10,2.0
SORN,2018,11,2.0
SORN,2018,12,2.0
SORN,2019,1,2.0
SORN,2019,2,2.0
SORN,2019,3,2.0
SPY,2021,4,11823.636363636364
SPY,2021,5,11961.611111111111
SPY,2021,6,11899.0
SPY,2021,7,11899.0
SPY,2021,8,11899.0
SPY,2021,9,12210.045454545454
SPY,2021,10,12055.526315789473
SPY,2021,11,12125.363636363636
SPY,2021,12,12754.095238095239
SPY,2022,1,12995.052631578947
SPY,2022,2,12859.235294117647
SPY,2022,3,12623.0
SPY,2022,4,12623.0
SPY,2022,5,12623.0
SPY,2022,6,12623.0
SPY,2022,7,12623.0
SPY,2022,8,12623.0
SUNI,2018,3,0.2
SUNI,2018,4,0.22600000000000003
SUNI,2018,5,0.23959999999999998
SUNI,2018,6,0.23899999999999996
SUNI,2018,7,0.239
SUNI,2018,8,0.239
SUNI,2018,9,0.23899999999999996
SUNI,2018,10,0.239
SUNI,2018,11,0.239
TATM,2018,3,13.86639
TATM,2018,4,14.05657894736842
TATM,2018,5,14.1832
TATM,2018,6,14.059142105263158
TATM,2018,7,14.4353
TATM,2018,8,14.4353
TATM,2018,9,14.435300000000002
TATM,2018,10,14.4353
TATM,2018,11,14.4353
TATM,2018,12,14.4353
TATM,2019,1,14.435300000000002
TATM,2019,2,14.435300000000002
TATM,2019,3,12.80059
TATM,2019,4,12.0
TATM,2019,5,12.0
TATM,2019,6,11.505555555555555
TATM,2019,7,10.880434782608695
TATM,2019,8,10.87142857142857
TATM,2019,9,10.919047619047618
TATM,2019,10,10.847727272727273
TATM,2019,11,10.729
TATM,2019,12,10.732315789473683
TATM,2020,1,11.0
TATM,2020,2,11.1435
TATM,2020,3,10.642857142857142
TATM,2020,4,9.633333333333335
TATM,2020,5,9.358436842105263
TATM,2020,6,9.9729
TATM,2020,7,9.059130434782608
TATM,2020,8,8.18695
TATM,2020,9,7.929727272727272
TATM,2020,10,8.073809523809524
TATM,2020,11,8.307142857142859
TATM,2020,12,8.347619047619048
TATM,2021,1,8.371111111111112
TATM,2021,2,8.5
TATM,2021,3,8.35
TATM,2021,4,8.936363636363636
TATM,2021,5,8.33
TATM,2021,6,7.480119999999999
TATM,2021,7,7.536363636363637
TATM,2021,8,7.536225
TATM,2021,9,6.656686363636364
TATM,2021,10,7.4105263157894745
TATM,2021,11,6.9
TATM,2021,12,4.1381
TATM,2022,1,3.8263157894736843
TATM,2022,2,4.04
TATM,2022,3,4.5
TATM,2022,4,4.5
TATM,2022,5,4.5
TATM,2022,6,4.5
TATM,2022,7,4.5
TATM,2022,8,4.5
TRBI,2018,3,0.178
TRBI,2018,4,0.178
TRBI,2018,5,0.178
TRBI,2018,6,0.178
TRBI,2018,7,0.178
TRBI,2018,8,0.178
TRBI,2018,9,0.178
TRBI,2018,10,0.178
TRBI,2018,11,0.178
TRBI,2018,12,0.178
TRBI,2019,1,0.178
TRBI,2019,2,0.178
TRBI,2019,3,0.17800000000000002
TSLA,2021,4,20903.333333333332
TSLA,2021,5,17771.38888888889
TSLA,2021,6,17260.8
TSLA,2021,7,18454.545454545456
TSLA,2021,8,18625.0
TSLA,2021,9,19000.0
TSLA,2021,10,19000.0
TSLA,2021,11,25163.909090909092
TSLA,2021,12,25512.85714285714
TSLA,2022,1,24991.052631578947
TSLA,2022,2,24359.0
TSLA,2022,3,24359.0
TSLA,2022,4,24359.0
TSLA,2022,5,24359.0
TSLA,2022,6,24359.0
TSLA,2022,7,24359.0
TSLA,2022,8,24359.0
TSUR,2018,3,1.7
TSUR,2018,4,1.7
TSUR,2018,5,1.7
TSUR,2018,6,1.7
TSUR,2018,7,1.7
TSUR,2018,8,1.7
TSUR,2018,9,1.7
TSUR,2018,10,1.7
TSUR,2018,11,1.7
TSUR,2018,12,1.7
TSUR,2019,1,1.7
TSUR,2019,2,1.7
TSUR,2019,3,1.7
UGZB,2018,3,0.49000000000000005
UGZB,2018,4,0.6
UGZB,2018,5,0.6
UGZB,2018,6,0.6
UGZB,2018,7,0.6
UGZB,2018,8,0.6
UGZB,2018,9,0.6
UGZB,2018,10,0.6
UGZB,2018,11,0.6
UGZB,2018,12,0.6
UGZB,2019,1,0.6
UGZB,2019,2,0.6
UGZB,2019,3,0.6
UGZB,2019,4,0.6
UGZB,2019,5,0.6
UGZB,2019,6,0.6
UGZB,2019,7,0.6
UGZB,2019,8,0.6
UGZB,2019,9,0.6
UGZB,2019,10,0.6
UGZB,2019,11,0.6
UGZB,2019,12,0.6
UGZB,2020,1,0.6
UGZB,2020,2,0.6
UGZB,2020,3,0.6
UGZB,2020,4,0.6
UGZB,2020,5,0.6
UGZB,2020,6,0.6
UGZB,2020,7,0.6
UGZB,2020,8,0.6
UGZB,2020,9,0.6
UGZB,2020,10,0.6
UGZB,2020,11,0.6
UGZB,2020,12,0.9261904761904761
UGZB,2021,1,1.0
UGZB,2021,2,1.0
UGZB,2021,3,0.9754545454545455
UGZB,2021,4,0.6427272727272727
UGZB,2021,5,0.5377777777777778
UGZB,2021,6,0.6637500000000001
UGZB,2021,7,0.7613636363636364
UGZB,2021,8,0.8
UGZB,2021,9,1.1272727272727272
UGZB,2021,10,1.2
UGZB,2021,11,1.414090909090909
UGZB,2021,12,1.5
UGZB,2022,1,1.5
UGZB,2022,2,1.5
UGZB,2022,3,1.5
UGZB,2022,4,1.5
UGZB,2022,5,1.5
UGZB,2022,6,1.5
UGZB,2022,7,1.5
UGZB,2022,8,1.5
UKRP,2018,3,2.0
UKRP,2018,4,2.0
UKRP,2018,5,2.0
UKRP,2018,6,2.0
UKRP,2018,7,2.0
UKRP,2018,8,2.0
UKRP,2018,9,2.0
UKRP,2018,10,2.0
UKRP,2018,11,2.0
UKRP,2018,12,2.0
UKRP,2019,1,2.0
UKRP,2019,2,2.0
UKRP,2019,3,2.0
UKRP,2019,4,2.0
UKRP,2019,5,2.0
UKRP,2019,6,2.0
UKRP,2019,7,2.0
UKRP,2019,8,2.0
UKRP,2019,9,2.0
UKRP,2019,10,2.0
UKRP,2019,11,2.0
UKRP,2019,12,2.0
UKRP,2020,1,2.0
UKRP,2020,2,2.0
UKRP,2020,3,2.0
UKRP,2020,4,2.0
UKRP,2020,5,2.0
UKRP,2020,6,2.0
UKRP,2020,7,2.0
UKRP,2020,8,2.0
UKRP,2020,9,2.0
UKRP,2020,10,2.0
UKRP,2020,11,2.0
UKRP,2020,12,2.0
UKRP,2021,1,2.0
UKRP,2021,2,2.0
UKRP,2021,3,2.0
UKRP,2021,4,2.0
UKRP,2021,5,2.0
UKRP,2021,6,2.0
UKRP,2021,7,2.0
UKRP,2021,8,2.0
UKRP,2021,9,2.0
UKRP,2021,10,2.0
UKRP,2021,11,2.0
UKRP,2021,12,2.0
UKRP,2022,1,2.0
UKRP,2022,2,2.0
UKRP,2022,3,2.0
UKRP,2022,4,2.0
UKRP,2022,5,2.0
UKRP,2022,6,2.0
UKRP,2022,7,2.0
UKRP,2022,8,2.0
UMHP,2018,3,3.151
UMHP,2018,4,3.151
UMHP,2018,5,3.151
UMHP,2018,6,3.151
UMHP,2018,7,3.1510000000000002
UMHP,2018,8,3.1510000000000002
UMHP,2018,9,3.151
UMHP,2018,10,3.1510000000000002
UMHP,2018,11,3.1510000000000002
UMHP,2018,12,3.151
UMHP,2019,1,3.151
UMHP,2019,2,3.151
UMHP,2019,3,3.1510000000000002
UNAF,2018,3,107.51047000000001
UNAF,2018,4,110.53245263157893
UNAF,2018,5,112.84051500000001
UNAF,2018,6,104.7575
UNAF,2018,7,105.0
UNAF,2018,8,105.0
UNAF,2018,9,105.0
UNAF,2018,10,105.0
UNAF,2018,11,105.0
UNAF,2018,12,105.0
UNAF,2019,1,105.0
UNAF,2019,2,105.0
UNAF,2019,3,133.55
UNAF,2019,4,164.5
UNAF,2019,5,161.0
UNAF,2019,6,167.83333333333334
UNAF,2019,7,160.0
UNAF,2019,8,153.33333333333334
UNAF,2019,9,147.54761904761904
UNAF,2019,10,147.72402727272728
UNAF,2019,11,144.76190476190476
UNAF,2019,12,138.85965789473684
UNAF,2020,1,138.55263157894737
UNAF,2020,2,157.63
UNAF,2020,3,144.56881428571427
UNAF,2020,4,132.47619047619048
UNAF,2020,5,124.06315789473683
UNAF,2020,6,127.01500000000001
UNAF,2020,7,122.53043478260871
UNAF,2020,8,122.3
UNAF,2020,9,119.39774545454544
UNAF,2020,10,128.45238095238096
UNAF,2020,11,142.12062857142857
UNAF,2020,12,176.3777761904762
UNAF,2021,1,187.83333333333334
UNAF,2021,2,217.960715
UNAF,2021,3,225.1215909090909
UNAF,2021,4,247.91784545454547
UNAF,2021,5,277.1119722222222
UNAF,2021,6,293.21744
UNAF,2021,7,289.8840909090909
UNAF,2021,8,267.78499999999997
UNAF,2021,9,249.79848636363639
UNAF,2021,10,262.4736842105263
UNAF,2021,11,284.85795
UNAF,2021,12,294.0501380952381
UNAF,2022,1,280.13772105263155
UNAF,2022,2,286.9537411764706
UNAF,2022,3,307.48
UNAF,2022,4,307.48
UNAF,2022,5,307.48
UNAF,2022,6,307.48
UNAF,2022,7,307.48
UNAF,2022,8,307.48
UPST01,2018,3,102356.4
UPST01,2018,4,102365.0
UPST01,2018,5,102365.0
UPST01,2018,6,102365.0
UPST01,2018,7,102365.0
UPST01,2018,8,102365.0
UPST01,2018,9,102365.0
UPST01,2018,10,102365.0
UPST01,2018,11,102365.0
UPST01,2018,12,102365.0
UPST01,2019,1,102365.0
UPST01,2019,2,102365.0
UPST01,2019,3,102365.0
UPST01,2019,4,102365.0
UPST01,2019,5,102365.0
UPST01,2019,6,102365.0
UPST01,2019,7,102365.0
UPST01,2019,8,102365.0
UPST01,2019,9,102365.0
UPST01,2019,10,102365.0
UPST01,2019,11,102365.0
UPST01,2019,12,102365.0
UPST01,2020,1,102365.0
UPST01,2020,2,102365.0
UPST01,2020,3,102365.0
UPST01,2020,4,102365.0
UPST01,2020,5,102365.0
UPST01,2020,6,102365.0
UPST01,2020,7,102365.0
UPST01,2020,8,102365.0
UPST01,2020,9,102365.0
UPST01,2020,10,102365.0
UPST01,2020,11,102365.0
US3U26,2021,8,2870.0
US3U26,2021,9,2870.0
US3U26,2021,10,2858.9473684210525
US3U26,2021,11,2800.0
US3U26,2021,12,2800.0
US3U26,2022,1,2800.0
US3U26,2022,2,2800.0
US3U26,2022,3,2800.0
US3U26,2022,4,2800.0
US3U26,2022,5,2800.0
US3U26,2022,6,2800.0
US3U26,2022,7,2800.0
US3U26,2022,8,2800.0
USCB,2018,3,0.070125
USCB,2018,4,0.06435263157894737
USCB,2018,5,0.060785
USCB,2018,6,0.05808235294117647
UTLM,2018,3,0.170425
UTLM,2018,4,0.17789473684210524
UTLM,2018,5,0.17525
UTLM,2018,6,0.15157894736842106
UTLM,2018,7,0.14
UTLM,2018,8,0.14
UTLM,2018,9,0.14
UTLM,2018,10,0.14
UTLM,2018,11,0.14
UTLM,2018,12,0.14
UTLM,2019,1,0.14
UTLM,2019,2,0.14
UTLM,2019,3,0.13255
UTLM,2019,4,0.131
UTLM,2019,5,0.131
UTLM,2019,6,0.12666666666666668
UTLM,2019,7,0.12617391304347828
UTLM,2019,8,0.13
UTLM,2019,9,0.1319047619047619
UTLM,2019,10,0.135
UTLM,2019,11,0.135
UTLM,2019,12,0.135
UTLM,2020,1,0.13278947368421054
UTLM,2020,2,0.12225
UTLM,2020,3,0.12
UTLM,2020,4,0.08666666666666667
UTLM,2020,5,0.08
UTLM,2020,6,0.08875
UTLM,2020,7,0.09
UTLM,2020,8,0.0869
UTLM,2020,9,0.06090909090909091
UTLM,2020,10,0.04238095238095238
UTLM,2020,11,0.04869523809523809
UTLM,2020,12,0.06492857142857142
UTLM,2021,1,0.1063888888888889
UTLM,2021,2,0.1095
UTLM,2021,3,0.0825
UTLM,2021,4,0.06772727272727273
UTLM,2021,5,0.07522222222222223
UTLM,2021,6,0.10063
UTLM,2021,7,0.10509545454545455
UTLM,2021,8,0.0669
UTLM,2021,9,0.09336363636363636
UTLM,2021,10,0.08263157894736843
UTLM,2021,11,0.065
UTLM,2021,12,0.07852380952380952
UTLM,2022,1,0.067
UTLM,2022,2,0.06947058823529412
UTLM,2022,3,0.07
UTLM,2022,4,0.07
UTLM,2022,5,0.07
UTLM,2022,6,0.07
UTLM,2022,7,0.07
UTLM,2022,8,0.07
UXUA,2018,3,1755.9
UXUA,2018,4,1755.8999999999999
UXUA,2018,5,1814.98
UXUA,2018,6,1924.7
UXUA,2018,7,1924.7
UXUA,2018,8,1924.7
UXUA,2018,9,1924.7
UXUA,2018,10,1924.7
UXUA,2018,11,1924.7
V,2021,4,6646.272727272727
V,2021,5,6608.555555555556
V,2021,6,6540.9
V,2021,7,6863.590909090909
V,2021,8,6694.2
V,2021,9,6345.0
V,2021,10,6345.0
V,2021,11,6345.0
V,2021,12,5483.666666666667
V,2022,1,5393.0
V,2022,2,5393.0
V,2022,3,5393.0
V,2022,4,5393.0
V,2022,5,5393.0
V,2022,6,5393.0
V,2022,7,5393.0
V,2022,8,5393.0
VERES,2021,12,175.155
VERES,2022,1,177.7342105263158
VERES,2022,2,177.0841176470588
VERES,2022,3,176.87
VERES,2022,4,176.87
VERES,2022,5,176.87
VERES,2022,6,176.87
VERES,2022,7,176.87
VERES,2022,8,176.87
VGAZ,2018,3,16.5
VGAZ,2018,4,12.592105263157896
VGAZ,2018,5,8.25
VGAZ,2018,6,8.25
VGAZ,2018,7,8.25
VGAZ,2018,8,8.25
VGAZ,2018,9,8.25
VGAZ,2018,10,8.25
VGAZ,2018,11,8.25
VGAZ,2018,12,8.25
VGAZ,2019,1,8.25
VGAZ,2019,2,8.25
VGAZ,2019,3,8.25
VIEN,2018,3,176.5
VIEN,2018,4,180.0
VIEN,2018,5,175.0
VIEN,2018,6,153.1573684210526
VIEN,2018,7,150.0
VIEN,2018,8,150.0
VIEN,2018,9,150.0
VIEN,2018,10,150.0
VIEN,2018,11,150.0
VIEN,2018,12,150.0
VIEN,2019,1,150.0
VIEN,2019,2,150.0
VIEN,2019,3,150.0
VOO,2022,1,11910.23076923077
VOO,2022,2,12044.235294117647
VOO,2022,3,12100.0
VOO,2022,4,12100.0
VOO,2022,5,12100.0
VOO,2022,6,12100.0
VOO,2022,7,12100.0
VOO,2022,8,12100.0
XS0836,2022,1,26411.66
XS0836,2022,2,26411.66
XS0836,2022,3,26411.660000000003
XS0836,2022,4,26411.66
XS0836,2022,5,26411.66
XS0836,2022,6,26411.66
XS0836,2022,7,26411.66
XS0836,2022,8,26411.66
XS1214,2022,1,28585.951666666664
XS1214,2022,2,29034.41117647059
XS1214,2022,3,30510.6
XS1214,2022,4,30510.6
XS1214,2022,5,30510.6
XS1214,2022,6,30510.6
XS1214,2022,7,30510.6
XS1214,2022,8,30510.6
XS1487,2022,1,28283.5944
XS1487,2022,2,28674.601764705883
XS1487,2022,3,29944.6
XS1487,2022,4,29944.6
XS1487,2022,5,29944.6
XS1487,2022,6,29944.6
XS1487,2022,7,29944.6
XS1487,2022,8,29944.6
XS1591,2022,2,27927.18076923077
XS1591,2022,3,27937.9
XS1591,2022,4,27937.9
XS1591,2022,5,27937.9
XS1591,2022,6,27937.9
XS1591,2022,7,27937.9
XS1591,2022,8,27937.9
XS1757,2021,12,28099.1618
XS1757,2022,1,28427.40430526316
XS1757,2022,2,26683.198823529412
XS1757,2022,3,26541.830000000005
XS1757,2022,4,26541.83
XS1757,2022,5,26541.83
XS1757,2022,6,26541.83
XS1757,2022,7,26541.83
XS1757,2022,8,26541.83
XS2952,2022,1,27717.14
XS2952,2022,2,27735.21411764706
XS2952,2022,3,28141.5
XS2952,2022,4,28141.5
XS2952,2022,5,28141.5
XS2952,2022,6,28141.5
XS2952,2022,7,28141.5
XS2952,2022,8,28141.5
XS5041,2022,1,25393.5
XS5041,2022,2,25393.5
XS5041,2022,3,25393.5
XS5041,2022,4,25393.5
XS5041,2022,5,25393.5
XS5041,2022,6,25393.5
XS5041,2022,7,25393.5
XS5041,2022,8,25393.5
XS5470,2022,2,29043.97
XS5470,2022,3,29871.7
XS5470,2022,4,29871.700000000004
XS5470,2022,5,29871.7
XS5470,2022,6,29871.7
XS5470,2022,7,29871.700000000004
XS5470,2022,8,29871.7
XS6528,2019,3,23977.0
XS6528,2019,5,23977.0
XS6528,2019,6,23977.0
XS6528,2019,7,23977.0
XS6528,2019,8,23977.0
XS6528,2019,9,23977.0
XS6528,2019,10,23977.0
XS6528,2019,11,23977.0
XS6528,2019,12,23977.0
XS6528,2020,1,23977.0
XS6528,2020,2,23977.0
XS6528,2020,3,23977.0
XS6528,2020,4,23977.0
XS6528,2020,5,23977.0
XS6528,2020,6,24367.307500000003
XS6528,2020,7,32081.891739130435
XS6528,2020,8,32187.330000000005
XS6528,2020,9,32187.33
XS6528,2020,10,32187.33
XS6528,2020,11,32187.33
XS6528,2020,12,32187.33
XS6528,2021,1,32187.33
XS6528,2021,2,32187.330000000005
XS6528,2021,3,32187.33
XS6528,2021,4,32187.33
XS6528,2021,5,32187.33
XS6528,2021,6,32187.330000000005
XS6528,2021,7,32187.33
XS6528,2021,8,32187.330000000005
XS6528,2021,9,32187.33
XS6528,2021,10,32187.33
XS6528,2021,11,32187.33
XS6528,2021,12,32187.33
XS6528,2022,1,29309.30894736842
XS6528,2022,2,28769.68
XS6528,2022,3,28769.68
XS6528,2022,4,28769.68
XS6528,2022,5,28769.679999999997
XS6528,2022,6,28769.679999999997
XS6528,2022,7,28769.68
XS6528,2022,8,28769.68
XS8269,2018,4,27592.0
XS8269,2018,5,27594.0
XS8269,2018,6,27594.0
XS8269,2018,7,27594.0
XS8269,2018,8,27594.0
XS8269,2018,9,27594.0
XS8269,2018,10,27594.0
XS8269,2018,11,27594.0
XS8269,2018,12,27594.0
XS8269,2019,1,27594.0
XS8269,2019,2,27594.0
XS8269,2019,3,27594.0
XS8269,2019,5,27594.0
XS8269,2019,6,27594.0
XS8269,2019,7,27594.0
XS8269,2019,8,27594.0
XS8269,2019,9,27594.0
XS9894,2018,3,10600.0
XS9894,2018,4,10600.0
XS9894,2018,5,10600.0
XS9894,2018,6,10600.0
XS9894,2018,7,10600.0
XS9894,2018,8,10600.0
XS9894,2018,9,10600.0
XS9894,2018,10,10600.0
XS9894,2018,11,10600.0
XS9894,2018,12,10600.0
XS9894,2019,1,10600.0
XS9894,2019,2,10600.0
XS9894,2019,3,10600.0
XS9894,2019,4,10600.0
XS9894,2019,5,10600.0
XS9894,2019,6,10600.0
XS9894,2019,7,10600.0
XS9894,2019,8,10600.0
XS9894,2019,9,10600.0
XS9894,2019,10,10600.0
XS9894,2019,11,10600.0
XS9894,2019,12,10600.0
XS9894,2020,1,10600.0
XS9894,2020,2,10600.0
XS9894,2020,3,10600.0
XS9894,2020,4,10600.0
XS9894,2020,5,10600.0
XS9894,2020,6,10600.0
XS9894,2020,7,10600.0
XS9894,2020,8,10600.0
XS9894,2020,9,10600.0
XS9894,2020,10,10600.0
XS9894,2020,11,10600.0
XS9894,2020,12,10600.0
XS9894,2021,1,10600.0
XS9894,2021,2,10600.0
XS9894,2021,3,10600.0
XS9894,2021,4,10600.0
XS9894,2021,5,10600.0
XS9894,2021,6,10600.0
XS9894,2021,7,10600.0
XS9894,2021,8,10600.0
XS9894,2021,9,10600.0
XS9894,2021,10,10600.0
XS9894,2021,11,10600.0
XS9894,2021,12,10600.0
XS9894,2022,1,10600.0
XS9894,2022,2,10600.0
XS9894,2022,3,10600.0
XS9894,2022,4,10600.0
XS9894,2022,5,10600.0
XS9894,2022,6,10600.0
XS9894,2022,7,10600.0
XS9894,2022,8,10600.0
YASK,2018,3,0.218025
YASK,2018,4,0.24423684210526317
YASK,2018,5,0.30713
YASK,2018,6,0.224
YASK,2018,7,0.208
YASK,2018,8,0.208
YASK,2018,9,0.20800000000000002
YASK,2018,10,0.208
YASK,2018,11,0.208
YASK,2018,12,0.208
YASK,2019,1,0.20800000000000002
YASK,2019,2,0.20800000000000002
YASK,2019,3,0.20800000000000002
YASK,2019,4,0.20800000000000002
YASK,2019,5,0.20799999999999996
YASK,2019,6,0.208
YASK,2019,7,0.208
YASK,2019,8,0.20799999999999996
YASK,2019,9,0.20799999999999996
YASK,2019,10,0.208
YASK,2019,11,0.20799999999999996
YASK,2019,12,0.208
YASK,2020,1,0.208
YASK,2020,2,0.20800000000000002
YASK,2020,3,0.20799999999999996
YASK,2020,4,0.20799999999999996
YASK,2020,5,0.208
YASK,2020,6,0.20800000000000002
YASK,2020,7,0.208
YASK,2020,8,0.20800000000000002
YASK,2020,9,0.208
YASK,2020,10,0.20799999999999996
YASK,2020,11,0.20799999999999996
YASK,2020,12,0.20799999999999996
YASK,2021,1,0.208
YASK,2021,2,0.2702
YASK,2021,3,0.41659090909090907
YASK,2021,4,0.5181818181818182
YASK,2021,5,0.3333333333333333
YASK,2021,6,0.33249999999999996
YASK,2021,7,0.35
YASK,2021,8,0.365
YASK,2021,9,0.42909090909090913
YASK,2021,10,0.32842105263157895
YASK,2021,11,0.4495454545454546
YASK,2021,12,0.28623809523809524
YASK,2022,1,0.19931578947368422
YASK,2022,2,0.125
YASK,2022,3,0.033
YASK,2022,4,0.033
YASK,2022,5,0.033
YASK,2022,6,0.033
YASK,2022,7,0.033
YASK,2022,8,0.033
ZALK,2018,3,0.13225
ZALK,2018,4,0.15
ZALK,2018,5,0.15
ZALK,2018,6,0.15
ZALK,2018,7,0.15
ZALK,2018,8,0.15
ZALK,2018,9,0.15
ZALK,2018,10,0.15
ZALK,2018,11,0.15
ZALK,2018,12,0.15
ZALK,2019,1,0.15
ZALK,2019,2,0.15
ZALK,2019,3,0.15
ZFER,2018,3,0.30967500000000003
ZFER,2018,4,0.391
ZFER,2018,5,0.32999999999999996
ZFER,2018,6,0.3
ZFER,2018,7,0.3
ZFER,2018,8,0.3
ZFER,2018,9,0.3
ZFER,2018,10,0.3
ZFER,2018,11,0.3
ZFER,2018,12,0.3
ZFER,2019,1,0.3
ZFER,2019,2,0.3
ZFER,2019,3,0.3
ZHGZ,2018,3,500.0
ZHGZ,2018,4,500.0
ZHGZ,2018,5,500.0
ZHGZ,2018,6,500.0
ZHGZ,2018,7,500.0
ZHGZ,2018,8,500.0
ZHGZ,2018,9,500.0
ZHGZ,2018,10,500.0
ZHGZ,2018,11,500.0
ZHGZ,2018,12,500.0
ZHGZ,2019,1,500.0
ZHGZ,2019,2,500.0
ZHGZ,2019,3,500.0
